1.4667	0.33	0.8	1
5.1334	0.27	1.2	1
10.450099999999999	0.31	0.9	1
17.9668	0.31	1.2	1
27.6835	0.29	1.2	1
39.4169	0.29	1.1	1
54.0836	0.23	1.6	1
70.4003	0.34	0.9	1
88.1837	0.35	0.8	1
107.6171	0.33	0.9	1
129.06719999999999	0.31	1.1	1
154.73399999999998	0.2	2.3	1
182.96749999999997	0.28	1.4	1
212.85099999999997	0.34	0.9	1
244.93449999999996	0.28	1.2	1
279.03469999999993	0.29	1.1	1
314.78489999999994	0.38	0.9	1
352.55179999999996	0.28	1.1	1
394.352	0.22	2.2	1
438.3522	0.27	1.2	1
484.00239999999997	0.47	0.9	1
531.4859	0.28	1.0	1
580.9861	0.32	1.1	1
632.5029999999999	0.3	1.1	1
686.4032	0.27	1.3	1
741.7701	0.33	0.8	1
798.7869999999999	0.36	0.9	1
857.2706	0.37	0.8	1
917.2208999999999	0.33	0.8	1
978.8211999999999	0.33	0.9	1
1042.2548	0.32	1.0	1
1107.1551	0.36	0.8	1
1174.2554	0.25	1.2	1
1242.8224	0.35	0.8	1
1313.2227	0.32	1.0	1
1385.0897	0.39	0.8	1
1458.4234	0.36	0.8	1
1533.2238	0.37	0.8	1
1609.6742	0.35	0.9	1
1687.5913	0.35	0.8	1
1767.5251	0.24	1.1	1
1849.6589000000001	0.26	1.2	1
1933.2594000000001	0.36	0.8	1
2018.6932000000002	0.28	1.0	1
2106.1437	0.28	1.1	1
2195.2442	0.36	0.9	1
2286.5447	0.28	1.2	1
2379.3118999999997	0.34	0.8	1
2473.7290999999996	0.37	0.9	1
2569.9795999999997	0.3	1.0	1
2668.0633999999995	0.34	1.0	1
2768.8971999999994	0.26	1.5	1
2871.3809999999994	0.3	0.9	1
2975.6980999999996	0.31	1.0	1
3081.6651999999995	0.35	0.9	1
3189.8322999999996	0.31	1.2	1
3299.8326999999995	0.3	1.0	1
3411.4830999999995	0.37	0.9	1
3525.3334999999993	0.3	1.2	1
3641.200599999999	0.31	1.1	1
3761.4676999999992	0.2	2.4	1
3884.301499999999	0.29	1.4	1
4008.9685999999992	0.33	1.0	1
4135.102399999999	0.35	0.8	1
4262.702899999998	0.35	0.8	1
4392.870099999998	0.26	1.4	1
4525.053999999998	0.32	1.1	1
4658.887899999998	0.32	0.9	1
4794.555099999998	0.3	1.0	1
4931.688999999998	0.39	0.8	1
5070.8395999999975	0.32	1.1	1
5211.823499999998	0.38	1.0	1
5354.640699999998	0.34	1.0	1
5498.9245999999985	0.33	0.8	1
5644.675199999999	0.37	0.8	1
5791.892499999999	0.4	0.8	1
5940.576499999999	0.34	0.8	1
6091.460499999999	0.24	1.2	1
6245.277799999999	0.24	1.6	1
6400.561799999999	0.36	0.8	1
6557.495799999999	0.35	0.9	1
6716.263099999999	0.32	1.0	1
6877.413699999999	0.27	1.3	1
7040.397599999999	0.33	1.0	1
7205.948199999999	0.22	1.4	1
7373.148799999999	0.3	0.9	1
7541.816099999999	0.36	0.8	1
7712.133399999999	0.43	0.9	1
7883.917399999998	0.35	0.8	1
8057.718099999998	0.28	1.1	1
8233.168799999998	0.35	0.9	1
8410.452799999997	0.38	1.0	1
8589.753499999997	0.35	1.1	1
8770.520899999998	0.38	0.8	1
8953.854999999998	0.26	1.4	1
9138.839099999997	0.37	0.9	1
9325.206499999997	0.29	1.3	1
9513.040599999997	0.39	0.8	1
9702.341399999998	0.35	0.8	1
9893.475499999997	0.3	1.0	1
10086.442899999996	0.32	1.0	1
10281.610299999997	0.28	1.2	1
10478.244399999996	0.41	0.8	1
10676.895199999995	0.32	1.1	1
10877.562699999995	0.29	1.1	1
11080.246899999995	0.29	1.1	1
11284.581099999994	0.34	0.9	1
11490.381999999994	0.37	0.8	1
11698.199599999994	0.3	1.1	1
11908.033899999995	0.29	1.1	1
12120.251499999995	0.27	1.3	1
12334.669099999996	0.26	1.2	1
12551.469999999996	0.24	1.3	1
12769.737599999995	0.37	0.8	1
12989.655199999996	0.38	0.9	1
13211.406099999997	0.32	1.0	1
13435.356999999996	0.29	1.2	1
13660.957899999996	0.36	0.9	1
13888.942099999997	0.29	1.3	1
14118.392999999996	0.41	0.8	1
14349.310599999997	0.37	0.8	1
14582.061499999996	0.31	1.0	1
14816.829099999995	0.3	1.1	1
15053.063399999995	0.37	0.8	1
15290.764399999995	0.37	0.8	1
15530.482099999994	0.32	1.1	1
15775.516499999994	0.18	2.9	1
16022.200899999994	0.35	0.9	1
16270.351999999993	0.4	0.8	1
16520.519799999995	0.31	1.1	1
16772.704299999994	0.33	1.1	1
17026.722099999995	0.36	1.0	1
17282.939899999994	0.3	1.2	1
17541.724399999996	0.28	1.4	1
17801.975599999994	0.34	0.8	1
18064.060099999995	0.33	1.0	1
18327.977899999994	0.29	1.0	1
18593.545699999995	0.41	0.9	1
18860.580199999997	0.35	0.8	1
19129.447999999997	0.35	1.0	1
19399.965799999998	0.32	0.9	1
19673.0503	0.25	1.4	1
19947.6015	0.35	0.8	1
20223.986	0.32	1.0	1
20502.2038	0.32	1.0	1
20782.8049	0.24	1.3	1
21067.6227	0.2	2.3	1
21354.0905	0.41	0.9	1
21642.2083	0.33	0.9	1
21932.5261	0.28	1.2	1
22225.227199999998	0.27	1.3	1
22520.311599999997	0.28	1.3	1
22818.145999999997	0.26	1.5	1
23117.447099999998	0.35	0.8	1
23418.9482	0.28	1.2	1
23722.2826	0.33	1.0	1
24027.6337	0.32	1.1	1
24335.1848	0.32	1.2	1
24645.3026	0.25	1.4	1
24957.253699999997	0.35	1.0	1
25271.954799999996	0.27	1.5	1
25589.039199999996	0.27	1.3	1
25907.773599999997	0.3	0.9	1
26228.524699999998	0.35	1.1	1
26551.659099999997	0.3	1.3	1
26876.810199999996	0.31	1.1	1
27203.611299999997	0.32	0.9	1
27532.062399999995	0.36	0.9	1
27864.363499999996	0.2	2.1	1
28199.047899999994	0.27	1.3	1
28535.565599999994	0.34	1.0	1
28873.549999999996	0.39	0.8	1
29213.184399999995	0.31	0.9	1
29555.385499999993	0.25	1.4	1
29899.419899999994	0.3	1.0	1
30245.287599999992	0.36	1.0	1
30592.988599999993	0.33	1.0	1
30942.339599999992	0.32	0.9	1
31294.25729999999	0.25	1.4	1
31647.82499999999	0.37	0.9	1
32004.14269999999	0.24	1.5	1
32365.59369999999	0.2	2.8	1
32728.511399999992	0.39	0.8	1
33093.812399999995	0.29	1.3	1
33460.58009999999	0.42	0.8	1
33828.99779999999	0.41	0.9	1
34198.88219999999	0.35	0.8	1
34571.14989999999	0.28	1.3	1
34945.98429999999	0.27	1.4	1
35323.018699999986	0.28	1.2	1
35702.25309999999	0.28	1.2	1
36083.13749999999	0.36	0.9	1
36465.85519999999	0.3	1.0	1
36850.77289999999	0.29	1.2	1
37237.15729999999	0.32	0.8	1
37627.75839999999	0.17	2.3	1
38020.00949999999	0.37	0.9	1
38414.09389999999	0.34	1.0	1
38809.828299999994	0.36	0.9	1
39207.945999999996	0.26	1.3	1
39608.263699999996	0.26	1.2	1
40010.2314	0.37	0.9	1
40413.8491	0.4	0.9	1
40819.4835	0.31	1.1	1
41226.7679	0.35	0.9	1
41636.068999999996	0.34	1.1	1
42047.2034	0.3	1.0	1
42460.1711	0.28	1.0	1
42875.1555	0.33	1.1	1
43292.3399	0.27	1.2	1
43711.357599999996	0.33	1.0	1
44132.2086	0.34	1.0	1
44554.5263	0.4	0.8	1
44978.677299999996	0.32	1.0	1
45404.844999999994	0.27	1.1	1
45832.4794	0.36	0.8	1
46264.3305	0.18	2.3	1
46698.38159999999	0.29	1.2	1
47134.44939999999	0.32	1.1	1
47572.90049999999	0.31	1.3	1
48013.184899999986	0.31	1.0	1
48455.48599999998	0.33	1.1	1
48899.620399999985	0.35	1.0	1
49345.588099999986	0.32	1.0	1
49794.12249999998	0.29	1.4	1
50244.67359999998	0.32	1.1	1
50697.79139999998	0.25	1.4	1
51153.10919999998	0.28	1.2	1
51610.810299999976	0.29	1.3	1
52070.34469999997	0.31	1.0	1
52531.712399999975	0.33	1.0	1
52994.73009999997	0.32	0.9	1
53459.581099999974	0.33	1.0	1
53926.08209999997	0.31	0.9	1
54394.96639999997	0.27	1.3	1
54866.05069999997	0.3	1.2	1
55338.78499999997	0.35	0.9	1
55813.71929999997	0.29	1.2	1
56290.853599999966	0.29	1.2	1
56769.45459999997	0.39	0.8	1
57250.25559999997	0.29	1.2	1
57733.43989999997	0.24	1.3	1
58218.45749999997	0.34	1.0	1
58705.12509999997	0.36	0.9	1
59193.80939999997	0.27	1.1	1
59684.51039999997	0.3	1.1	1
60176.86139999997	0.32	0.9	1
60670.86239999997	0.36	0.9	1
61166.69669999997	0.32	1.0	1
61664.36429999997	0.31	1.0	1
62163.86519999997	0.31	1.0	1
62664.832799999975	0.42	0.8	1
63167.267099999975	0.37	0.8	1
63671.16809999997	0.35	0.8	1
64176.90239999997	0.36	1.0	1
64685.38669999997	0.27	1.5	1
65196.437699999966	0.25	1.4	1
65709.13869999997	0.4	0.9	1
66223.85639999996	0.29	1.1	1
66740.77409999997	0.27	1.2	1
67259.15849999996	0.37	0.8	1
67783.04289999996	0.2	3.0	1
68309.31059999995	0.28	1.3	1
68837.59499999996	0.32	1.1	1
69367.89609999995	0.3	1.1	1
69900.94719999995	0.26	1.5	1
70436.74829999995	0.23	1.5	1
70975.29939999995	0.27	1.5	1
71515.31719999995	0.4	0.8	1
72059.18499999994	0.18	2.1	1
72604.51949999994	0.38	0.8	1
73151.50399999994	0.34	0.9	1
73699.32179999995	0.29	1.0	1
74248.60629999994	0.38	0.8	1
74799.54079999994	0.38	0.9	1
75352.49199999994	0.31	1.1	1
75906.90989999994	0.34	0.8	1
76463.71109999994	0.3	1.3	1
77022.89559999995	0.29	1.3	1
77583.91339999995	0.29	1.0	1
78146.39789999995	0.3	0.8	1
78710.71569999996	0.35	1.0	1
79276.68349999996	0.35	0.9	1
79844.48459999995	0.29	1.0	1
80414.30239999996	0.31	1.1	1
80985.95349999996	0.36	1.0	1
81559.43789999996	0.32	1.0	1
82134.93899999995	0.29	1.1	1
82712.09009999996	0.34	0.9	1
83291.44119999996	0.3	1.2	1
83872.62559999996	0.28	1.0	1
84456.00999999995	0.28	1.2	1
85040.86109999995	0.33	0.8	1
85627.72889999996	0.31	1.1	1
86216.61339999996	0.33	1.1	1
86807.33119999996	0.24	1.0	1
87399.88229999995	0.31	1.0	1
87994.08339999996	0.36	0.9	1
88590.85119999996	0.25	1.4	1
89189.63569999996	0.33	1.1	1
89790.07019999996	0.3	0.9	1
90392.88799999996	0.27	1.3	1
90997.53909999997	0.32	1.0	1
91604.20689999996	0.29	1.1	1
92212.70799999996	0.34	1.0	1
92824.14239999995	0.24	1.6	1
93437.22679999996	0.37	0.9	1
94051.96119999996	0.35	0.9	1
94668.71229999996	0.3	1.1	1
95287.11339999996	0.36	0.9	1
95907.53119999995	0.29	1.1	1
96530.14899999996	0.3	1.2	1
97154.41679999996	0.31	0.9	1
97779.15129999997	0.33	0.8	1
98406.08579999997	0.26	1.2	1
99034.48699999996	0.35	0.8	1
99664.35489999996	0.33	0.8	1
100295.87279999997	0.33	0.9	1
100929.04069999997	0.37	0.9	1
101563.67529999997	0.34	0.8	1
102200.14319999998	0.35	1.0	1
102838.07779999997	0.41	0.8	1
103477.84569999998	0.34	1.0	1
104120.54689999997	0.23	1.6	1
104766.73139999998	0.25	1.9	1
105415.48259999997	0.28	1.4	1
106066.43379999997	0.28	1.2	1
106719.40169999997	0.29	1.1	1
107377.50289999998	0.2	2.8	1
108037.07079999997	0.39	0.8	1
108698.65539999997	0.29	1.1	1
109362.80669999997	0.24	1.4	1
110029.34129999997	0.28	1.3	1
110698.07589999997	0.29	1.2	1
111368.64379999996	0.32	1.0	1
112040.86169999996	0.31	0.9	1
112715.27959999997	0.3	1.2	1
113391.89749999996	0.3	1.2	1
114069.98209999996	0.38	0.8	1
114749.89999999997	0.3	1.0	1
115432.20119999997	0.26	1.3	1
116116.70239999997	0.32	1.2	1
116802.67029999997	0.37	0.8	1
117490.47149999997	0.32	1.0	1
118180.10599999997	0.28	1.0	1
118871.75719999996	0.26	1.1	1
119565.97509999997	0.25	1.4	1
120261.65969999996	0.41	0.8	1
120959.72759999995	0.22	1.3	1
121659.26219999995	0.34	0.8	1
122360.63009999995	0.38	1.0	1
123063.64799999996	0.34	0.9	1
123768.31589999996	0.34	0.9	1
124474.81709999996	0.31	1.0	1
125183.15159999995	0.32	1.0	1
125893.31939999995	0.3	1.0	1
126604.95389999995	0.38	0.8	1
127318.05509999995	0.37	0.8	1
128032.62299999995	0.36	0.8	1
128749.75759999995	0.27	1.4	1
129468.54219999995	0.34	0.9	1
130190.07679999995	0.25	1.5	1
130913.07809999996	0.33	0.8	1
131638.46269999995	0.29	1.3	1
132365.49729999996	0.35	0.9	1
133094.18189999997	0.3	0.9	1
133824.51649999997	0.33	0.9	1
134557.41779999997	0.26	1.4	1
135292.70239999998	0.26	1.3	1
136029.8203	0.3	1.0	1
136768.5882	0.36	0.9	1
137509.3728	0.37	1.1	1
138252.5407	0.27	1.3	1
138997.3586	0.35	0.9	1
139744.55980000002	0.28	1.3	1
140494.1443	0.26	1.3	1
141247.2121	0.22	1.9	1
142002.4799	0.3	1.2	1
142759.94770000002	0.27	1.2	1
143519.6155	0.29	1.2	1
144280.9333	0.34	0.9	1
145044.4511	0.26	1.2	1
145810.3522	0.29	1.3	1
146577.9033	0.36	0.9	1
147347.28770000002	0.32	1.0	1
148118.50540000002	0.28	1.0	1
148892.28980000003	0.26	1.4	1
149667.72420000003	0.34	0.9	1
150444.6253	0.36	0.8	1
151223.5431	0.31	1.1	1
152004.2942	0.3	1.0	1
152787.2453	0.26	1.2	1
153571.8464	0.36	0.9	1
154358.46420000002	0.32	1.1	1
155147.4653	0.26	1.3	1
155938.2997	0.3	1.0	1
156731.8841	0.25	1.5	1
157530.4185	0.18	2.7	1
158330.6029	0.34	0.9	1
159132.4373	0.37	0.9	1
159935.7384	0.35	0.8	1
160740.6895	0.38	0.9	1
161547.65730000002	0.27	1.1	1
162356.09180000002	0.38	0.8	1
163166.17630000002	0.37	0.9	1
163978.8275	0.26	1.4	1
164792.94540000003	0.37	0.8	1
165608.53000000003	0.4	0.8	1
166425.94790000003	0.33	1.0	1
167245.38250000004	0.31	1.1	1
168066.46710000004	0.31	0.9	1
168889.93500000003	0.29	1.3	1
169715.05290000004	0.33	0.9	1
170542.55410000004	0.28	1.3	1
171371.52200000003	0.34	0.8	1
172202.13990000004	0.33	0.9	1
173035.32450000005	0.25	1.4	1
173870.52580000003	0.32	1.1	1
174707.56040000005	0.31	1.0	1
175546.24500000005	0.35	0.9	1
176386.39630000005	0.35	0.8	1
177228.19760000004	0.3	0.9	1
178071.46560000005	0.36	0.8	1
178917.11690000005	0.27	1.3	1
179765.15150000007	0.26	1.3	1
180615.93610000008	0.25	1.5	1
181468.5540000001	0.34	1.0	1
182322.6386000001	0.36	0.8	1
183178.7399000001	0.3	1.1	1
184036.6745000001	0.37	1.0	1
184897.54240000012	0.24	1.6	1
185760.06030000013	0.32	0.9	1
186624.41150000013	0.33	1.0	1
187491.69600000014	0.29	1.6	1
188360.63050000014	0.36	0.9	1
189232.31500000015	0.23	1.5	1
190105.64950000015	0.33	0.9	1
190980.63400000014	0.32	0.9	1
191857.45180000013	0.33	1.0	1
192736.46960000013	0.28	1.2	1
193617.50410000014	0.29	1.1	1
194500.37190000014	0.3	1.0	1
195385.07300000015	0.32	1.0	1
196271.24080000015	0.34	0.8	1
197160.34190000014	0.26	1.6	1
198051.27630000014	0.33	1.0	1
198944.22740000015	0.31	1.1	1
199838.82850000015	0.35	0.9	1
200734.89630000014	0.34	0.8	1
201633.34740000014	0.27	1.3	1
202533.63180000015	0.29	1.0	1
203436.11620000013	0.29	1.2	1
204340.43390000015	0.32	1.0	1
205246.76830000014	0.31	1.1	1
206155.30270000015	0.28	1.2	1
207066.22040000014	0.25	1.3	1
207978.60480000015	0.4	0.8	1
208892.45590000015	0.36	0.8	1
209808.69030000013	0.31	1.3	1
210727.12470000013	0.29	1.2	1
211647.75910000014	0.27	1.2	1
212571.51020000014	0.22	1.7	1
213497.27800000014	0.31	1.1	1
214425.06250000015	0.3	1.1	1
215354.86370000013	0.33	1.1	1
216286.13160000014	0.37	0.8	1
217218.86620000013	0.39	0.8	1
218153.61750000014	0.34	1.1	1
219090.93550000014	0.25	1.4	1
220030.08680000014	0.35	1.0	1
220971.80480000013	0.28	1.4	1
221914.98950000014	0.32	0.8	1
222859.64090000014	0.36	0.8	1
223806.12560000014	0.31	1.0	1
224754.26030000014	0.41	0.9	1
225704.22830000013	0.37	1.0	1
226655.66300000015	0.36	0.8	1
227609.66440000015	0.25	1.4	1
228566.41580000016	0.25	1.5	1
229524.81720000017	0.29	0.9	1
230484.68530000016	0.34	0.8	1
231446.02010000017	0.35	0.8	1
232408.82160000017	0.38	0.8	1
233373.45640000017	0.32	1.0	1
234339.55790000016	0.36	0.8	1
235307.67610000016	0.29	1.1	1
236277.81100000016	0.3	1.1	1
237250.32920000015	0.29	1.3	1
238225.96410000016	0.24	1.7	1
239202.61570000017	0.3	1.1	1
240181.46730000016	0.29	1.2	1
241164.71890000015	0.17	2.4	1
242150.17050000015	0.32	1.2	1
243138.18880000015	0.3	1.4	1
244127.67380000014	0.39	0.8	1
245121.37550000014	0.23	2.3	1
246117.09390000015	0.25	1.1	1
247114.64560000016	0.26	1.0	1
248114.21400000015	0.34	1.1	1
249115.98240000015	0.29	1.2	1
250120.68410000016	0.25	1.6	1
251127.95250000016	0.29	1.4	1
252137.23760000017	0.33	1.1	1
253148.17270000017	0.34	0.9	1
254161.12450000018	0.29	1.1	1
255175.9096000002	0.33	1.0	1
256192.1614000002	0.36	0.8	1
257210.06320000018	0.35	0.9	1
258230.3483000002	0.27	1.3	1
259252.65010000017	0.31	1.1	1
260276.96860000017	0.3	1.1	1
261306.23710000017	0.21	2.7	1
262337.1556000002	0.35	0.9	1
263369.72410000017	0.31	0.9	1
264403.9426000002	0.35	0.9	1
265440.72780000017	0.22	1.4	1
266479.71300000016	0.3	1.2	1
267520.3482000002	0.36	0.9	1
268563.18340000015	0.31	1.2	1
269607.66860000015	0.35	0.9	1
270654.1705000001	0.3	1.1	1
271703.60570000013	0.27	1.6	1
272755.0576000001	0.31	1.1	1
273808.8928000001	0.28	1.3	1
274865.47800000006	0.24	1.5	1
275924.4465000001	0.27	1.3	1
276985.98170000006	0.26	1.4	1
278049.35020000004	0.35	1.0	1
279114.73540000006	0.31	1.1	1
280182.13730000006	0.3	1.1	1
281251.55590000004	0.31	1.1	1
282323.1745	0.28	1.2	1
283397.1764	0.27	1.3	1
284473.195	0.29	1.1	1
285550.8636	0.34	0.9	1
286630.73219999997	0.29	1.2	1
287713.1675	0.28	1.4	1
288798.3528	0.24	1.5	1
289885.7381	0.32	1.2	1
290975.1401	0.32	1.1	1
292066.3754	0.29	1.0	1
293159.444	0.33	1.0	1
294255.2626	0.25	1.5	1
295353.2812	0.29	1.2	1
296453.3165	0.26	1.1	1
297554.8185	0.38	0.8	1
298658.1538	0.33	1.0	1
299763.5058	0.31	1.1	1
300870.6911	0.31	1.0	1
301979.7097	0.34	1.0	1
303090.5616	0.3	1.0	1
304203.2468	0.3	1.0	1
305319.59870000003	0.22	2.0	1
306437.6006	0.28	0.9	1
307557.8025	0.3	1.2	1
308680.2044	0.29	1.2	1
309804.8063	0.29	1.2	1
310930.8749	0.32	0.8	1
312058.5935	0.35	0.9	1
313188.14540000004	0.29	1.0	1
314321.36400000006	0.24	2.0	1
315456.0493000001	0.35	0.8	1
316592.38460000005	0.34	0.9	1
317730.91990000004	0.25	1.2	1
318871.10520000005	0.37	0.9	1
320014.4072000001	0.23	1.7	1
321161.5592000001	0.24	2.1	1
322310.9112000001	0.31	1.2	1
323461.91320000007	0.32	0.9	1
324614.3819000001	0.39	0.8	1
325769.2339000001	0.29	1.3	1
326927.5692000001	0.22	1.9	1
328087.5545000001	0.36	0.9	1
329249.0065000001	0.41	0.8	1
330414.8585000001	0.2	2.4	1
331583.8272000001	0.24	1.7	1
332754.62920000014	0.32	1.0	1
333926.89790000016	0.34	0.8	1
335103.01660000015	0.2	2.1	1
336281.70200000016	0.27	1.4	1
337462.40410000016	0.31	1.1	1
338645.48950000014	0.3	1.3	1
339830.95820000017	0.28	1.3	1
341018.8102000002	0.26	1.3	1
342208.1289000002	0.34	0.8	1
343399.0976000002	0.36	0.9	1
344593.1830000002	0.22	1.7	1
345790.9351000002	0.21	2.0	1
346990.8872000002	0.28	1.2	1
348192.4893000002	0.33	0.9	1
349395.7414000002	0.31	0.9	1
350601.19350000017	0.34	1.2	1
351808.8456000002	0.31	1.2	1
353019.06440000015	0.28	1.4	1
354231.1165000001	0.35	1.0	1
355444.63530000014	0.39	0.8	1
356660.17080000014	0.3	1.1	1
357877.53960000013	0.35	1.0	1
359097.2917000001	0.28	1.3	1
360318.6938000001	0.34	0.9	1
361541.92920000013	0.33	1.0	1
362767.5479000001	0.28	1.3	1
363994.6333000001	0.39	0.8	1
365223.7354000001	0.31	1.1	1
366454.4875000001	0.39	0.9	1
367686.8896000001	0.33	0.9	1
368920.9417000001	0.38	0.9	1
370156.8271000001	0.33	1.0	1
371394.3625000001	0.36	0.9	1
372633.3646000001	0.4	0.8	1
373873.83340000006	0.38	0.8	1
375116.3189000001	0.3	1.1	1
376360.45440000005	0.37	0.9	1
377606.23990000004	0.33	0.9	1
378854.0421	0.31	1.1	1
380103.6776	0.31	1.0	1
381355.3298	0.28	1.1	1
382609.3653	0.25	1.3	1
383865.6008	0.29	1.2	1
385123.853	0.31	1.1	1
386383.9385	0.34	1.0	1
387646.40729999996	0.29	1.3	1
388911.2594	0.29	1.3	1
390178.67819999997	0.28	1.4	1
391447.56369999994	0.41	0.8	1
