7351047	51000.0	0	500.0	5.1	0	102.0	107.1
7350590	57000.0	0	500.0	5.7	107.1	114.0	226.8
7350906	64000.0	0	500.0	6.4	226.8	128.0	361.20000000000005
7350687	47000.0	0	500.0	4.7	361.2	94.0	459.9
7350936	60000.0	0	500.0	6.0	459.9	120.0	585.9
7352784	64000.0	0	500.0	6.4	585.9	128.0	720.3
7352383	50000.0	0	500.0	5.0	720.3	100.0	825.3
7352381	46000.0	0	500.0	4.6	825.3	92.0	921.9
7351537	51000.0	0	500.0	5.1	921.9	102.0	1029.0
7350830	53000.0	0	500.0	5.3	1029.0	106.0	1140.3
7350919	41000.0	0	500.0	4.1	1140.3	82.0	1226.3999999999999
7350827	55000.0	0	500.0	5.5	1226.4	110.0	1341.9
7350690	63000.0	0	500.0	6.3	1341.9	126.0	1474.2
7350966	56000.0	0	500.0	5.6	1474.2	112.0	1591.8
7351345	54000.0	0	500.0	5.4	1591.8	108.0	1705.2
7352506	56000.0	0	500.0	5.6	1705.2	112.0	1822.8
7352528	47000.0	0	500.0	4.7	1822.8	94.0	1921.5
7350984	61000.0	0	500.0	6.1	1921.5	122.0	2049.6
7350623	57000.0	0	500.0	5.7	2049.6	114.0	2169.2999999999997
7352576	53000.0	0	500.0	5.3	2169.3	106.0	2280.6000000000004
7352591	61000.0	0	500.0	6.1	2280.6	122.0	2408.7
7350994	68000.0	0	500.0	6.8	2408.7	136.0	2551.5
7352661	39000.0	0	500.0	3.9	2551.5	78.0	2633.4
7350950	66000.0	0	500.0	6.6	2633.4	132.0	2772.0
7352941	63000.0	0	500.0	6.3	2772.0	126.0	2904.3
7350608	59000.0	0	500.0	5.9	2904.3	118.0	3028.2000000000003
7350847	62000.0	0	500.0	6.2	3028.2	124.0	3158.3999999999996
7352442	57000.0	0	500.0	5.7	3158.4	114.0	3278.1
7350946	63000.0	0	500.0	6.3	3278.1	126.0	3410.4
7350866	44000.0	0	500.0	4.4	3410.4	88.0	3502.8
7352818	55000.0	0	500.0	5.5	3502.8	110.0	3618.3
7352630	47000.0	0	500.0	4.7	3618.3	94.0	3717.0
7350872	61000.0	0	500.0	6.1	3717.0	122.0	3845.1
7350658	60000.0	0	500.0	6.0	3845.1	120.0	3971.1
7351790	37000.0	0	500.0	3.7	3971.1	74.0	4048.7999999999997
7351784	67000.0	0	500.0	6.7	4048.8	134.0	4189.5
7351778	53000.0	0	500.0	5.3	4189.5	106.0	4300.8
7352051	44000.0	0	500.0	4.4	4300.8	88.0	4393.2
7351585	51000.0	0	500.0	5.1	4393.2	102.0	4500.3
7352060	51000.0	0	500.0	5.1	4500.3	102.0	4607.400000000001
7352146	49000.0	0	500.0	4.9	4607.4	98.0	4710.299999999999
7352160	41000.0	0	500.0	4.1	4710.3	82.0	4796.400000000001
7352188	60000.0	0	500.0	6.0	4796.4	120.0	4922.4
7351238	62000.0	0	500.0	6.2	4922.4	124.0	5052.599999999999
7351563	62000.0	0	500.0	6.2	5052.6	124.0	5182.8
7351167	61000.0	0	500.0	6.1	5182.8	122.0	5310.900000000001
7351899	41000.0	0	500.0	4.1	5310.9	82.0	5397.0
7351180	53000.0	0	500.0	5.3	5397.0	106.0	5508.3
7350496	53000.0	0	500.0	5.3	5508.3	106.0	5619.6
7350501	47000.0	0	500.0	4.7	5619.6	94.0	5718.3
7351607	50000.0	0	500.0	5.0	5718.3	100.0	5823.3
7351840	46000.0	0	500.0	4.6	5823.3	92.0	5919.900000000001
7350454	66000.0	0	500.0	6.6	5919.9	132.0	6058.5
7351995	56000.0	0	500.0	5.6	6058.5	112.0	6176.1
7352001	51000.0	0	500.0	5.1	6176.1	102.0	6283.200000000001
7351691	53000.0	0	500.0	5.3	6283.2	106.0	6394.5
7352254	44000.0	0	500.0	4.4	6394.5	88.0	6486.9
7351061	59000.0	0	500.0	5.9	6486.9	118.0	6610.799999999999
7352243	49000.0	0	500.0	4.9	6610.8	98.0	6713.7
7352312	63000.0	0	500.0	6.3	6713.7	126.0	6846.0
7351709	50000.0	0	500.0	5.0	6846.0	100.0	6951.0
7350914	42000.0	14	12000.0	4.2	0	3.5	7.7
7352319	56000.0	14	12000.0	5.6	7.7	4.6667	17.9667
7350591	62000.0	14	12000.0	6.2	17.9667	5.1667	29.333399999999997
7352866	52000.0	14	12000.0	5.2	29.3334	4.3333	38.8667
7351509	49000.0	14	12000.0	4.9	38.8667	4.0833	47.85
7350671	52000.0	14	12000.0	5.2	47.85	4.3333	57.383300000000006
7351553	66000.0	14	12000.0	6.6	57.3833	5.5	69.4833
7352355	39000.0	14	12000.0	3.9	69.4833	3.25	76.6333
7352422	50000.0	14	12000.0	5.0	76.6333	4.1667	85.80000000000001
7351485	61000.0	14	12000.0	6.1	85.8	5.0833	96.98329999999999
7350844	63000.0	14	12000.0	6.3	96.9833	5.25	108.5333
7351516	57000.0	14	12000.0	5.7	108.5333	4.75	118.9833
7352318	49000.0	14	12000.0	4.9	118.9833	4.0833	127.9666
7352434	59000.0	14	12000.0	5.9	127.9666	4.9167	138.7833
7351519	67000.0	14	12000.0	6.7	138.7833	5.5833	151.0666
7350840	55000.0	14	12000.0	5.5	151.0666	4.5833	161.1499
7351488	39000.0	14	12000.0	3.9	161.1499	3.25	168.2999
7351490	61000.0	14	12000.0	6.1	168.2999	5.0833	179.4832
7352390	68000.0	14	12000.0	6.8	179.4832	5.6667	191.9499
7351536	49000.0	14	12000.0	4.9	191.9499	4.0833	200.93320000000003
7351496	58000.0	14	12000.0	5.8	200.9332	4.8333	211.56650000000002
7350923	52000.0	14	12000.0	5.2	211.5665	4.3333	221.0998
7351492	42000.0	14	12000.0	4.2	221.0998	3.5	228.79979999999998
7350825	64000.0	14	12000.0	6.4	228.7998	5.3333	240.53310000000002
7351543	47000.0	14	12000.0	4.7	240.5331	3.9167	249.14979999999997
7352788	58000.0	14	12000.0	5.8	249.1498	4.8333	259.7831
7352396	42000.0	14	12000.0	4.2	259.7831	3.5	267.4831
7352969	53000.0	14	12000.0	5.3	267.4831	4.4167	277.1998
7351523	67000.0	14	12000.0	6.7	277.1998	5.5833	289.4831
7352437	66000.0	14	12000.0	6.6	289.4831	5.5	301.5831
7351001	68000.0	14	12000.0	6.8	301.5831	5.6667	314.0498
7350625	61000.0	14	12000.0	6.1	314.0498	5.0833	325.23310000000004
7351003	57000.0	14	12000.0	5.7	325.2331	4.75	335.68309999999997
7351004	66000.0	14	12000.0	6.6	335.6831	5.5	347.78310000000005
7350965	52000.0	14	12000.0	5.2	347.7831	4.3333	357.3164
7352897	67000.0	14	12000.0	6.7	357.3164	5.5833	369.5997
7350999	45000.0	14	12000.0	4.5	369.5997	3.75	377.8497
7352895	38000.0	14	12000.0	3.8	377.8497	3.1667	384.8164
7350649	44000.0	14	12000.0	4.4	384.8164	3.6667	392.88309999999996
7352892	58000.0	14	12000.0	5.8	392.8831	4.8333	403.51640000000003
7350650	68000.0	14	12000.0	6.8	403.5164	5.6667	415.9831
7352926	53000.0	14	12000.0	5.3	415.9831	4.4167	425.6998
7352890	49000.0	14	12000.0	4.9	425.6998	4.0833	434.68309999999997
7352613	59000.0	14	12000.0	5.9	434.6831	4.9167	445.4998
7352565	56000.0	14	12000.0	5.6	445.4998	4.6667	455.7665
7352544	54000.0	14	12000.0	5.4	455.7665	4.5	465.6665
7352735	53000.0	14	12000.0	5.3	465.6665	4.4167	475.3832
7352914	41000.0	14	12000.0	4.1	475.3832	3.4167	482.8999
7352539	39000.0	14	12000.0	3.9	482.8999	3.25	490.0499
7352532	72000.0	14	12000.0	7.2	490.0499	6.0	503.24989999999997
7352590	63000.0	14	12000.0	6.3	503.2499	5.25	514.7999
7352589	47000.0	14	12000.0	4.7	514.7999	3.9167	523.4166
7350969	60000.0	14	12000.0	6.0	523.4166	5.0	534.4166
7352537	61000.0	14	12000.0	6.1	534.4166	5.0833	545.5999
7352538	58000.0	14	12000.0	5.8	545.5999	4.8333	556.2332
7352884	66000.0	14	12000.0	6.6	556.2332	5.5	568.3332
7352934	40000.0	14	12000.0	4.0	568.3332	3.3333	575.6665
7350663	72000.0	14	12000.0	7.2	575.6665	6.0	588.8665000000001
7352670	49000.0	14	12000.0	4.9	588.8665	4.0833	597.8498
7352456	58000.0	14	12000.0	5.8	597.8498	4.8333	608.4830999999999
7352679	39000.0	14	12000.0	3.9	608.4831	3.25	615.6331
7350926	57000.0	14	12000.0	5.7	615.6331	4.75	626.0831000000001
7350669	57000.0	14	12000.0	5.7	626.0831	4.75	636.5331
7352446	60000.0	14	12000.0	6.0	636.5331	5.0	647.5331
7351011	60000.0	14	12000.0	6.0	647.5331	5.0	658.5331
7352799	58000.0	14	12000.0	5.8	658.5331	4.8333	669.1664
7351462	48000.0	14	12000.0	4.8	669.1664	4.0	677.9663999999999
7352872	64000.0	14	12000.0	6.4	677.9664	5.3333	689.6997
7352798	49000.0	14	12000.0	4.9	689.6997	4.0833	698.683
7350933	53000.0	14	12000.0	5.3	698.683	4.4167	708.3996999999999
7352706	43000.0	14	12000.0	4.3	708.3997	3.5833	716.283
7352135	64000.0	14	12000.0	6.4	716.283	5.3333	728.0163
7352068	45000.0	14	12000.0	4.5	728.0163	3.75	736.2663
7351578	43000.0	14	12000.0	4.3	736.2663	3.5833	744.1496
7351806	45000.0	14	12000.0	4.5	744.1496	3.75	752.3996
7351792	65000.0	14	12000.0	6.5	752.3996	5.4167	764.3163
7351787	47000.0	14	12000.0	4.7	764.3163	3.9167	772.933
7351110	47000.0	14	12000.0	4.7	772.933	3.9167	781.5497
7351218	59000.0	14	12000.0	5.9	781.5497	4.9167	792.3664
7352049	46000.0	14	12000.0	4.6	792.3664	3.8333	800.7997
7351212	55000.0	14	12000.0	5.5	800.7997	4.5833	810.883
7351234	52000.0	14	12000.0	5.2	810.883	4.3333	820.4163000000001
7350526	48000.0	14	12000.0	4.8	820.4163	4.0	829.2162999999999
7352145	54000.0	14	12000.0	5.4	829.2163	4.5	839.1163
7352156	47000.0	14	12000.0	4.7	839.1163	3.9167	847.7330000000001
7351714	70000.0	14	12000.0	7.0	847.733	5.8333	860.5663
7351086	56000.0	14	12000.0	5.6	860.5663	4.6667	870.833
7352178	48000.0	14	12000.0	4.8	870.833	4.0	879.6329999999999
7352154	49000.0	14	12000.0	4.9	879.633	4.0833	888.6163
7351758	71000.0	14	12000.0	7.1	888.6163	5.9167	901.633
7351101	71000.0	14	12000.0	7.1	901.633	5.9167	914.6497
7351739	50000.0	14	12000.0	5.0	914.6497	4.1667	923.8164
7352093	55000.0	14	12000.0	5.5	923.8164	4.5833	933.8997
7352109	51000.0	14	12000.0	5.1	933.8997	4.25	943.2497000000001
7352112	54000.0	14	12000.0	5.4	943.2497	4.5	953.1496999999999
7351838	55000.0	14	12000.0	5.5	953.1497	4.5833	963.2330000000001
7351901	61000.0	14	12000.0	6.1	963.233	5.0833	974.4163
7351955	61000.0	14	12000.0	6.1	974.4163	5.0833	985.5996
7351164	49000.0	14	12000.0	4.9	985.5996	4.0833	994.5829
7351959	52000.0	14	12000.0	5.2	994.5829	4.3333	1004.1162
7351161	52000.0	14	12000.0	5.2	1004.1162	4.3333	1013.6495000000001
7351631	38000.0	14	12000.0	3.8	1013.6495	3.1667	1020.6161999999999
7351963	59000.0	14	12000.0	5.9	1020.6162	4.9167	1031.4329
7351880	49000.0	14	12000.0	4.9	1031.4329	4.0833	1040.4162000000001
7350455	56000.0	14	12000.0	5.6	1040.4162	4.6667	1050.6828999999998
7350461	68000.0	14	12000.0	6.8	1050.6829	5.6667	1063.1496
7351915	64000.0	14	12000.0	6.4	1063.1496	5.3333	1074.8829
7351913	43000.0	14	12000.0	4.3	1074.8829	3.5833	1082.7662
7350468	58000.0	14	12000.0	5.8	1082.7662	4.8333	1093.3995
7351945	69000.0	14	12000.0	6.9	1093.3995	5.75	1106.0495
7351636	51000.0	14	12000.0	5.1	1106.0495	4.25	1115.3995
7351906	64000.0	14	12000.0	6.4	1115.3995	5.3333	1127.1328
7351614	49000.0	14	12000.0	4.9	1127.1328	4.0833	1136.1161000000002
7351146	52000.0	14	12000.0	5.2	1136.1161	4.3333	1145.6494
7351135	65000.0	14	12000.0	6.5	1145.6494	5.4167	1157.5661
7351603	57000.0	14	12000.0	5.7	1157.5661	4.75	1168.0161
7351190	66000.0	14	12000.0	6.6	1168.0161	5.5	1180.1161
7352031	47000.0	14	12000.0	4.7	1180.1161	3.9167	1188.7328
7351595	54000.0	14	12000.0	5.4	1188.7328	4.5	1198.6328
7351862	63000.0	14	12000.0	6.3	1198.6328	5.25	1210.1828
7351618	57000.0	14	12000.0	5.7	1210.1828	4.75	1220.6328
7350452	64000.0	14	12000.0	6.4	1220.6328	5.3333	1232.3661000000002
7351623	67000.0	14	12000.0	6.7	1232.3661	5.5833	1244.6494
7351992	49000.0	14	12000.0	4.9	1244.6494	4.0833	1253.6327
7351620	49000.0	14	12000.0	4.9	1253.6327	4.0833	1262.6160000000002
7350439	45000.0	14	12000.0	4.5	1262.616	3.75	1270.866
7351391	44000.0	14	12000.0	4.4	1270.866	3.6667	1278.9327
7351686	63000.0	14	12000.0	6.3	1278.9327	5.25	1290.4827
7350763	70000.0	14	12000.0	7.0	1290.4827	5.8333	1303.316
7350565	49000.0	14	12000.0	4.9	1303.316	4.0833	1312.2993000000001
7351069	65000.0	14	12000.0	6.5	1312.2993	5.4167	1324.216
7350546	56000.0	14	12000.0	5.6	1324.216	4.6667	1334.4826999999998
7351406	54000.0	14	12000.0	5.4	1334.4827	4.5	1344.3827
7351062	50000.0	14	12000.0	5.0	1344.3827	4.1667	1353.5494
7352282	70000.0	14	12000.0	7.0	1353.5494	5.8333	1366.3827
7352267	55000.0	14	12000.0	5.5	1366.3827	4.5833	1376.4660000000001
7350773	69000.0	14	12000.0	6.9	1376.466	5.75	1389.116
7350541	52000.0	14	12000.0	5.2	1389.116	4.3333	1398.6493
7350789	67000.0	14	12000.0	6.7	1398.6493	5.5833	1410.9326
7352221	55000.0	14	12000.0	5.5	1410.9326	4.5833	1421.0159
7351432	63000.0	14	12000.0	6.3	1421.0159	5.25	1432.5659
7352261	53000.0	14	12000.0	5.3	1432.5659	4.4167	1442.2826
7351060	50000.0	14	12000.0	5.0	1442.2826	4.1667	1451.4493
7352214	70000.0	14	12000.0	7.0	1451.4493	5.8333	1464.2826
7352265	60000.0	14	12000.0	6.0	1464.2826	5.0	1475.2826
7352222	56000.0	14	12000.0	5.6	1475.2826	4.6667	1485.5493
7351666	50000.0	14	12000.0	5.0	1485.5493	4.1667	1494.716
7350575	50000.0	14	12000.0	5.0	1494.716	4.1667	1503.8826999999999
7351404	55000.0	14	12000.0	5.5	1503.8827	4.5833	1513.9660000000001
7352300	62000.0	14	12000.0	6.2	1513.966	5.1667	1525.3327
7352237	73000.0	14	12000.0	7.3	1525.3327	6.0833	1538.716
7351049	53000.0	14	12000.0	5.3	1538.716	4.4167	1548.4326999999998
7351417	48000.0	14	12000.0	4.8	1548.4327	4.0	1557.2327
7350798	40000.0	14	12000.0	4.0	1557.2327	3.3333	1564.566
7350803	64000.0	15	16000.0	6.4	0	4.0	10.4
7351524	49000.0	15	16000.0	4.9	10.4	3.0625	18.3625
7350686	52000.0	15	16000.0	5.2	18.3625	3.25	26.8125
7351510	56000.0	15	16000.0	5.6	26.8125	3.5	35.9125
7352721	63000.0	15	16000.0	6.3	35.9125	3.9375	46.15
7352805	54000.0	15	16000.0	5.4	46.15	3.375	54.925
7350585	49000.0	15	16000.0	4.9	54.925	3.0625	62.887499999999996
7352694	66000.0	15	16000.0	6.6	62.8875	4.125	73.6125
7352951	53000.0	15	16000.0	5.3	73.6125	3.3125	82.225
7350597	37000.0	15	16000.0	3.7	82.225	2.3125	88.2375
7352950	48000.0	15	16000.0	4.8	88.2375	3.0	96.0375
7351502	60000.0	15	16000.0	6.0	96.0375	3.75	105.7875
7352857	62000.0	15	16000.0	6.2	105.7875	3.875	115.8625
7352339	46000.0	15	16000.0	4.6	115.8625	2.875	123.33749999999999
7350628	52000.0	15	16000.0	5.2	123.3375	3.25	131.7875
7352344	62000.0	15	16000.0	6.2	131.7875	3.875	141.86249999999998
7351330	58000.0	15	16000.0	5.8	141.8625	3.625	151.28750000000002
7352333	49000.0	15	16000.0	4.9	151.2875	3.0625	159.25
7351375	54000.0	15	16000.0	5.4	159.25	3.375	168.025
7350819	39000.0	15	16000.0	3.9	168.025	2.4375	174.3625
7352523	55000.0	15	16000.0	5.5	174.3625	3.4375	183.3
7352752	49000.0	15	16000.0	4.9	183.3	3.0625	191.26250000000002
7351008	43000.0	15	16000.0	4.3	191.2625	2.6875	198.25
7351310	51000.0	15	16000.0	5.1	198.25	3.1875	206.5375
7352542	57000.0	15	16000.0	5.7	206.5375	3.5625	215.79999999999998
7352744	47000.0	15	16000.0	4.7	215.8	2.9375	223.4375
7352584	45000.0	15	16000.0	4.5	223.4375	2.8125	230.75
7352909	45000.0	15	16000.0	4.5	230.75	2.8125	238.0625
7352800	41000.0	15	16000.0	4.1	238.0625	2.5625	244.725
7350636	43000.0	15	16000.0	4.3	244.725	2.6875	251.7125
7352468	51000.0	15	16000.0	5.1	251.7125	3.1875	260.0
7352931	65000.0	15	16000.0	6.5	260.0	4.0625	270.5625
7352660	57000.0	15	16000.0	5.7	270.5625	3.5625	279.825
7352821	63000.0	15	16000.0	6.3	279.825	3.9375	290.0625
7351478	55000.0	15	16000.0	5.5	290.0625	3.4375	299.0
7350865	57000.0	15	16000.0	5.7	299.0	3.5625	308.2625
7350626	59000.0	15	16000.0	5.9	308.2625	3.6875	317.84999999999997
7350848	53000.0	15	16000.0	5.3	317.85	3.3125	326.46250000000003
7350606	54000.0	15	16000.0	5.4	326.4625	3.375	335.23749999999995
7350929	44000.0	15	16000.0	4.4	335.2375	2.75	342.3875
7352471	60000.0	15	16000.0	6.0	342.3875	3.75	352.1375
7350895	52000.0	15	16000.0	5.2	352.1375	3.25	360.5875
7350893	55000.0	15	16000.0	5.5	360.5875	3.4375	369.525
7352628	64000.0	15	16000.0	6.4	369.525	4.0	379.92499999999995
7350934	46000.0	15	16000.0	4.6	379.925	2.875	387.40000000000003
7352486	47000.0	15	16000.0	4.7	387.4	2.9375	395.03749999999997
7352633	51000.0	15	16000.0	5.1	395.0375	3.1875	403.32500000000005
7352640	47000.0	15	16000.0	4.7	403.325	2.9375	410.9625
7350931	71000.0	15	16000.0	7.1	410.9625	4.4375	422.5
7351463	59000.0	15	16000.0	5.9	422.5	3.6875	432.0875
7351299	53000.0	15	16000.0	5.3	432.0875	3.3125	440.7
7350586	57000.0	15	16000.0	5.7	440.7	3.5625	449.9625
7351574	60000.0	15	16000.0	6.0	449.9625	3.75	459.7125
7351224	56000.0	15	16000.0	5.6	459.7125	3.5	468.8125
7351794	65000.0	15	16000.0	6.5	468.8125	4.0625	479.375
7351112	55000.0	15	16000.0	5.5	479.375	3.4375	488.3125
7351228	43000.0	15	16000.0	4.3	488.3125	2.6875	495.3
7351783	42000.0	15	16000.0	4.2	495.3	2.625	502.125
7352067	58000.0	15	16000.0	5.8	502.125	3.625	511.55
7351217	57000.0	15	16000.0	5.7	511.55	3.5625	520.8125
7350511	57000.0	15	16000.0	5.7	520.8125	3.5625	530.075
7351211	43000.0	15	16000.0	4.3	530.075	2.6875	537.0625
7351109	51000.0	15	16000.0	5.1	537.0625	3.1875	545.35
7352054	45000.0	15	16000.0	4.5	545.35	2.8125	552.6625
7351826	60000.0	15	16000.0	6.0	552.6625	3.75	562.4125
7351584	60000.0	15	16000.0	6.0	562.4125	3.75	572.1625
7351824	56000.0	15	16000.0	5.6	572.1625	3.5	581.2625
7352064	61000.0	15	16000.0	6.1	581.2625	3.8125	591.1750000000001
7350514	55000.0	15	16000.0	5.5	591.175	3.4375	600.1125
7352142	55000.0	15	16000.0	5.5	600.1125	3.4375	609.05
7352155	54000.0	15	16000.0	5.4	609.05	3.375	617.8249999999999
7352120	50000.0	15	16000.0	5.0	617.825	3.125	625.95
7351755	59000.0	15	16000.0	5.9	625.95	3.6875	635.5375
7351745	43000.0	15	16000.0	4.3	635.5375	2.6875	642.525
7351098	64000.0	15	16000.0	6.4	642.525	4.0	652.925
7351740	47000.0	15	16000.0	4.7	652.925	2.9375	660.5625
7352091	44000.0	15	16000.0	4.4	660.5625	2.75	667.7125
7352128	50000.0	15	16000.0	5.0	667.7125	3.125	675.8375
7351244	67000.0	15	16000.0	6.7	675.8375	4.1875	686.725
7351725	47000.0	15	16000.0	4.7	686.725	2.9375	694.3625000000001
7351904	55000.0	15	16000.0	5.5	694.3625	3.4375	703.3
7351893	55000.0	15	16000.0	5.5	703.3	3.4375	712.2375
7351957	42000.0	15	16000.0	4.2	712.2375	2.625	719.0625
7351158	56000.0	15	16000.0	5.6	719.0625	3.5	728.1625
7351881	41000.0	15	16000.0	4.1	728.1625	2.5625	734.825
7351964	46000.0	15	16000.0	4.6	734.825	2.875	742.3000000000001
7350463	61000.0	15	16000.0	6.1	742.3	3.8125	752.2125
7351933	56000.0	15	16000.0	5.6	752.2125	3.5	761.3125
7351642	49000.0	15	16000.0	4.9	761.3125	3.0625	769.275
7351178	57000.0	15	16000.0	5.7	769.275	3.5625	778.5375
7350476	56000.0	15	16000.0	5.6	778.5375	3.5	787.6375
7351920	41000.0	15	16000.0	4.1	787.6375	2.5625	794.3000000000001
7351965	60000.0	15	16000.0	6.0	794.3	3.75	804.05
7351173	51000.0	15	16000.0	5.1	804.05	3.1875	812.3375
7351909	46000.0	15	16000.0	4.6	812.3375	2.875	819.8125
7351634	51000.0	15	16000.0	5.1	819.8125	3.1875	828.1
7351879	61000.0	15	16000.0	6.1	828.1	3.8125	838.0125
7351878	52000.0	15	16000.0	5.2	838.0125	3.25	846.4625000000001
7350427	57000.0	15	16000.0	5.7	846.4625	3.5625	855.725
7351613	70000.0	15	16000.0	7.0	855.725	4.375	867.1
7351142	56000.0	15	16000.0	5.6	867.1	3.5	876.2
7351610	51000.0	15	16000.0	5.1	876.2	3.1875	884.4875000000001
7351600	55000.0	15	16000.0	5.5	884.4875	3.4375	893.425
7351980	55000.0	15	16000.0	5.5	893.425	3.4375	902.3625
7351989	48000.0	15	16000.0	4.8	902.3625	3.0	910.1624999999999
7350490	51000.0	15	16000.0	5.1	910.1625	3.1875	918.45
7350432	41000.0	15	16000.0	4.1	918.45	2.5625	925.1125000000001
7350437	48000.0	15	16000.0	4.8	925.1125	3.0	932.9124999999999
7351870	47000.0	15	16000.0	4.7	932.9125	2.9375	940.5500000000001
7350473	53000.0	15	16000.0	5.3	940.55	3.3125	949.1624999999999
7352247	68000.0	15	16000.0	6.8	949.1625	4.25	960.2125
7352268	51000.0	15	16000.0	5.1	960.2125	3.1875	968.5
7350560	52000.0	15	16000.0	5.2	968.5	3.25	976.95
7351399	43000.0	15	16000.0	4.3	976.95	2.6875	983.9375
7350729	48000.0	15	16000.0	4.8	983.9375	3.0	991.7375
7350707	58000.0	15	16000.0	5.8	991.7375	3.625	1001.1624999999999
7350563	49000.0	15	16000.0	4.9	1001.1625	3.0625	1009.125
7350775	45000.0	15	16000.0	4.5	1009.125	2.8125	1016.4375
7350712	69000.0	15	16000.0	6.9	1016.4375	4.3125	1027.65
7351044	57000.0	15	16000.0	5.7	1027.65	3.5625	1036.9125000000001
7350788	52000.0	15	16000.0	5.2	1036.9125	3.25	1045.3625
7352216	57000.0	15	16000.0	5.7	1045.3625	3.5625	1054.625
7351076	62000.0	15	16000.0	6.2	1054.625	3.875	1064.7
7351398	54000.0	15	16000.0	5.4	1064.7	3.375	1073.4750000000001
7352288	51000.0	15	16000.0	5.1	1073.475	3.1875	1081.7624999999998
7351425	50000.0	15	16000.0	5.0	1081.7625	3.125	1089.8875
7352293	45000.0	15	16000.0	4.5	1089.8875	2.8125	1097.2
7350528	58000.0	15	16000.0	5.8	1097.2	3.625	1106.625
7352287	59000.0	15	16000.0	5.9	1106.625	3.6875	1116.2125
7352295	49000.0	15	16000.0	4.9	1116.2125	3.0625	1124.1750000000002
7352202	65000.0	15	16000.0	6.5	1124.175	4.0625	1134.7375
7352228	75000.0	15	16000.0	7.5	1134.7375	4.6875	1146.925
7351410	39000.0	15	16000.0	3.9	1146.925	2.4375	1153.2625
7351654	46000.0	15	16000.0	4.6	1153.2625	2.875	1160.7375
7350705	65000.0	15	16000.0	6.5	1160.7375	4.0625	1171.3
7350577	43000.0	16	18000.0	4.3058	0	2.3889	6.694699999999999
7352424	63000.0	16	18000.0	6.3058	6.6947	3.5	16.5005
7350837	80000.0	16	18000.0	8.0058	16.5005	4.4444	28.950699999999998
7352957	51000.0	16	18000.0	5.1058	28.9507	2.8333	36.8898
7352723	51000.0	16	18000.0	5.1058	36.8898	2.8333	44.828900000000004
7351324	57000.0	16	18000.0	5.7058	44.8289	3.1667	53.7014
7352436	58000.0	16	18000.0	5.8058	53.7014	3.2222	62.7294
7351446	57000.0	16	18000.0	5.7058	62.7294	3.1667	71.6019
7350700	53000.0	16	18000.0	5.3058	71.6019	2.9444	79.85210000000001
7350593	59000.0	16	18000.0	5.9058	79.8521	3.2778	89.03569999999999
7352363	59000.0	16	18000.0	5.9058	89.0357	3.2778	98.2193
7350811	50000.0	16	18000.0	5.0058	98.2193	2.7778	106.0029
7352391	57000.0	16	18000.0	5.7058	106.0029	3.1667	114.8754
7352862	63000.0	16	18000.0	6.3058	114.8754	3.5	124.6812
7352785	45000.0	16	18000.0	4.5058	124.6812	2.5	131.687
7352376	56000.0	16	18000.0	5.6058	131.687	3.1111	140.4039
7352336	64000.0	16	18000.0	6.4058	140.4039	3.5556	150.3653
7351368	60000.0	16	18000.0	6.0058	150.3653	3.3333	159.7044
7352959	45000.0	16	18000.0	4.5058	159.7044	2.5	166.7102
7352408	64000.0	16	18000.0	6.4058	166.7102	3.5556	176.67159999999998
7350696	65000.0	16	18000.0	6.5058	176.6716	3.6111	186.7885
7352347	56000.0	16	18000.0	5.6058	186.7885	3.1111	195.50539999999998
7352718	50000.0	16	18000.0	5.0058	195.5054	2.7778	203.28900000000002
7352637	63000.0	16	18000.0	6.3058	203.289	3.5	213.0948
7351002	54000.0	16	18000.0	5.4058	213.0948	3.0	221.5006
7351311	44000.0	16	18000.0	4.4058	221.5006	2.4444	228.3508
7352519	54000.0	16	18000.0	5.4058	228.3508	3.0	236.7566
7352518	40000.0	16	18000.0	4.0058	236.7566	2.2222	242.98459999999997
7352749	52000.0	16	18000.0	5.2058	242.9846	2.8889	251.07930000000002
7351313	60000.0	16	18000.0	6.0058	251.0793	3.3333	260.4184
7352515	61000.0	16	18000.0	6.1058	260.4184	3.3889	269.9131
7352505	56000.0	16	18000.0	5.6058	269.9131	3.1111	278.63
7352619	50000.0	16	18000.0	5.0058	278.63	2.7778	286.41360000000003
7352620	51000.0	16	18000.0	5.1058	286.4136	2.8333	294.35269999999997
7350648	42000.0	16	18000.0	4.2058	294.3527	2.3333	300.89180000000005
7352709	65000.0	16	18000.0	6.5058	300.8918	3.6111	311.00870000000003
7352741	49000.0	16	18000.0	4.9058	311.0087	2.7222	318.63669999999996
7350800	67000.0	16	18000.0	6.7058	318.6367	3.7222	329.0647
7352918	43000.0	16	18000.0	4.3058	329.0647	2.3889	335.75939999999997
7352548	64000.0	16	18000.0	6.4058	335.7594	3.5556	345.72080000000005
7352736	37000.0	16	18000.0	3.7058	345.7208	2.0556	351.48220000000003
7352898	47000.0	16	18000.0	4.7058	351.4822	2.6111	358.7991
7352903	52000.0	16	18000.0	5.2058	358.7991	2.8889	366.8938
7352621	48000.0	16	18000.0	4.8058	366.8938	2.6667	374.36629999999997
7352536	74000.0	16	18000.0	7.4058	374.3663	4.1111	385.88320000000004
7352587	47000.0	16	18000.0	4.7058	385.8832	2.6111	393.2001
7352652	63000.0	16	18000.0	6.3058	393.2001	3.5	403.0059
7350930	74000.0	16	18000.0	7.4058	403.0059	4.1111	414.5228
7352655	65000.0	16	18000.0	6.5058	414.5228	3.6111	424.63970000000006
7350856	53000.0	16	18000.0	5.3058	424.6397	2.9444	432.88989999999995
7350947	71000.0	16	18000.0	7.1058	432.8899	3.9444	443.9401
7352439	54000.0	16	18000.0	5.4058	443.9401	3.0	452.3459
7350850	50000.0	16	18000.0	5.0058	452.3459	2.7778	460.1295
7351481	57000.0	16	18000.0	5.7058	460.1295	3.1667	469.002
7351449	46000.0	16	18000.0	4.6058	469.002	2.5556	476.1634
7351452	56000.0	16	18000.0	5.6058	476.1634	3.1111	484.88030000000003
7351456	57000.0	16	18000.0	5.7058	484.8803	3.1667	493.7528
7352873	44000.0	16	18000.0	4.4058	493.7528	2.4444	500.60299999999995
7350880	49000.0	16	18000.0	4.9058	500.603	2.7222	508.231
7350956	37000.0	16	18000.0	3.7058	508.231	2.0556	513.9924
7350932	45000.0	16	18000.0	4.5058	513.9924	2.5	520.9982
7351468	49000.0	16	18000.0	4.9058	520.9982	2.7222	528.6262
7351354	50000.0	16	18000.0	5.0058	528.6262	2.7778	536.4098
7352476	57000.0	16	18000.0	5.7058	536.4098	3.1667	545.2823
7351019	49000.0	16	18000.0	4.9058	545.2823	2.7222	552.9103
7350876	51000.0	16	18000.0	5.1058	552.9103	2.8333	560.8494000000001
7351817	51000.0	16	18000.0	5.1058	560.8494	2.8333	568.7885
7352077	47000.0	16	18000.0	4.7058	568.7885	2.6111	576.1053999999999
7352078	48000.0	16	18000.0	4.8058	576.1054	2.6667	583.5779
7351796	56000.0	16	18000.0	5.6058	583.5779	3.1111	592.2948
7351583	45000.0	16	18000.0	4.5058	592.2948	2.5	599.3006
7351130	50000.0	16	18000.0	5.0058	599.3006	2.7778	607.0842
7350513	55000.0	16	18000.0	5.5058	607.0842	3.0556	615.6456000000001
7352039	58000.0	16	18000.0	5.8058	615.6456	3.2222	624.6736
7351128	39000.0	16	18000.0	3.9058	624.6736	2.1667	630.7461
7351827	62000.0	16	18000.0	6.2058	630.7461	3.4444	640.3962999999999
7351820	50000.0	16	18000.0	5.0058	640.3963	2.7778	648.1799
7351216	66000.0	16	18000.0	6.6058	648.1799	3.6667	658.4524
7351108	52000.0	16	18000.0	5.2058	658.4524	2.8889	666.5471
7351570	63000.0	16	18000.0	6.3058	666.5471	3.5	676.3529
7351089	43000.0	16	18000.0	4.3058	676.3529	2.3889	683.0476
7351718	53000.0	16	18000.0	5.3058	683.0476	2.9444	691.2977999999999
7351717	63000.0	16	18000.0	6.3058	691.2978	3.5	701.1036
7351420	51000.0	16	18000.0	5.1058	701.1036	2.8333	709.0427000000001
7352140	39000.0	16	18000.0	3.9058	709.0427	2.1667	715.1152
7351932	44000.0	16	18000.0	4.4058	715.1152	2.4444	721.9653999999999
7352151	49000.0	16	18000.0	4.9058	721.9654	2.7222	729.5934000000001
7352169	50000.0	16	18000.0	5.0058	729.5934	2.7778	737.377
7352186	45000.0	16	18000.0	4.5058	737.377	2.5	744.3828
7351837	51000.0	16	18000.0	5.1058	744.3828	2.8333	752.3219
7351722	52000.0	16	18000.0	5.2058	752.3219	2.8889	760.4166
7351102	53000.0	16	18000.0	5.3058	760.4166	2.9444	768.6668
7351733	53000.0	16	18000.0	5.3058	768.6668	2.9444	776.9169999999999
7351726	52000.0	16	18000.0	5.2058	776.917	2.8889	785.0117
7352107	64000.0	16	18000.0	6.4058	785.0117	3.5556	794.9731
7351566	51000.0	16	18000.0	5.1058	794.9731	2.8333	802.9122000000001
7352190	55000.0	16	18000.0	5.5058	802.9122	3.0556	811.4736
7351596	50000.0	16	18000.0	5.0058	811.4736	2.7778	819.2572
7351163	47000.0	16	18000.0	4.7058	819.2572	2.6111	826.5740999999999
7351633	65000.0	16	18000.0	6.5058	826.5741	3.6111	836.691
7350462	48000.0	16	18000.0	4.8058	836.691	2.6667	844.1635
7351950	51000.0	16	18000.0	5.1058	844.1635	2.8333	852.1026
7351930	66000.0	16	18000.0	6.6058	852.1026	3.6667	862.3751000000001
7351922	58000.0	16	18000.0	5.8058	862.3751	3.2222	871.4031
7351171	54000.0	16	18000.0	5.4058	871.4031	3.0	879.8089
7350464	50000.0	16	18000.0	5.0058	879.8089	2.7778	887.5925
7350470	43000.0	16	18000.0	4.3058	887.5925	2.3889	894.2872
7351969	53000.0	16	18000.0	5.3058	894.2872	2.9444	902.5373999999999
7351143	54000.0	16	18000.0	5.4058	902.5374	3.0	910.9432
7351182	64000.0	16	18000.0	6.4058	910.9432	3.5556	920.9046000000001
7351847	51000.0	16	18000.0	5.1058	920.9046	2.8333	928.8437
7351844	65000.0	16	18000.0	6.5058	928.8437	3.6111	938.9606
7350506	48000.0	16	18000.0	4.8058	938.9606	2.6667	946.4331
7350502	55000.0	16	18000.0	5.5058	946.4331	3.0556	954.9945
7351877	61000.0	16	18000.0	6.1058	954.9945	3.3889	964.4892000000001
7351875	52000.0	16	18000.0	5.2058	964.4892	2.8889	972.5839
7350451	60000.0	16	18000.0	6.0058	972.5839	3.3333	981.923
7351996	55000.0	16	18000.0	5.5058	981.923	3.0556	990.4844
7351869	59000.0	16	18000.0	5.9058	990.4844	3.2778	999.668
7351867	65000.0	16	18000.0	6.5058	999.668	3.6111	1009.7849
7351864	54000.0	16	18000.0	5.4058	1009.7849	3.0	1018.1907
7351084	59000.0	16	18000.0	5.9058	1018.1907	3.2778	1027.3743000000002
7351679	49000.0	16	18000.0	4.9058	1027.3743	2.7222	1035.0022999999999
7350568	46000.0	16	18000.0	4.6058	1035.0023	2.5556	1042.1637
7352839	64000.0	16	18000.0	6.4058	1042.1637	3.5556	1052.1251
7351389	56000.0	16	18000.0	5.6058	1052.1251	3.1111	1060.842
7350533	56000.0	16	18000.0	5.6058	1060.842	3.1111	1069.5589000000002
7351439	66000.0	16	18000.0	6.6058	1069.5589	3.6667	1079.8314
7351400	41000.0	16	18000.0	4.1058	1079.8314	2.2778	1086.2150000000001
7350727	61000.0	16	18000.0	6.1058	1086.215	3.3889	1095.7096999999999
7350751	67000.0	16	18000.0	6.7058	1095.7097	3.7222	1106.1377
7350752	41000.0	16	18000.0	4.1058	1106.1377	2.2778	1112.5213
7350704	56000.0	16	18000.0	5.6058	1112.5213	3.1111	1121.2382000000002
7352299	41000.0	16	18000.0	4.1058	1121.2382	2.2778	1127.6218000000001
7350744	65000.0	16	18000.0	6.5058	1127.6218	3.6111	1137.7386999999999
7350794	58000.0	16	18000.0	5.8058	1137.7387	3.2222	1146.7667000000001
7352230	51000.0	16	18000.0	5.1058	1146.7667	2.8333	1154.7058
7350792	67000.0	16	18000.0	6.7058	1154.7058	3.7222	1165.1337999999998
7350735	59000.0	16	18000.0	5.9058	1165.1338	3.2778	1174.3174000000001
7352912	63000.0	17	24000.0	6.3058	0	2.625	8.9308
7352618	60000.0	18	30000.0	6.0058	0	2.0	8.0058
7352325	48000.0	19	30000.0	4.8058	0	1.6	6.405799999999999
7351100	48000.0	0	500.0	4.8	6950.0	96.0	7050.8
7350433	46000.0	0	500.0	4.6	7050.8	92.0	7147.400000000001
7352406	70000.0	0	500.0	7.0	7147.4	140.0	7294.4
7351377	64000.0	0	500.0	6.4	7294.4	128.0	7428.799999999999
7351169	59000.0	0	500.0	5.9	7428.8	118.0	7552.7
2672989	7000.0	9	6000.0	0.7067	0	1.1667	1.8734000000000002
7350808	57000.0	14	12000.0	5.7	1563.566	4.75	1574.016
7352917	39000.0	14	12000.0	3.9	1574.016	3.25	1581.1660000000002
7352530	67000.0	14	12000.0	6.7	1581.166	5.5833	1593.4493
7352266	65000.0	14	12000.0	6.5	1593.4493	5.4167	1605.366
7350734	69000.0	14	12000.0	6.9	1605.366	5.75	1618.016
7351360	65000.0	14	12000.0	6.5	1618.016	5.4167	1629.9327
7351261	66000.0	14	12000.0	6.6	1629.9327	5.5	1642.0327
7352399	65000.0	14	12000.0	6.5	1642.0327	5.4167	1653.9494
7351529	36000.0	14	12000.0	3.6	1653.9494	3.0	1660.5493999999999
7351025	47000.0	14	12000.0	4.7	1660.5494	3.9167	1669.1661000000001
7352658	51000.0	14	12000.0	5.1	1669.1661	4.25	1678.5160999999998
7352967	56000.0	14	12000.0	5.6	1678.5161	4.6667	1688.7828
7352775	66000.0	15	16000.0	6.6	1170.3	4.125	1181.0249999999999
7350538	68000.0	15	16000.0	6.8	1181.025	4.25	1192.075
7351567	59000.0	15	16000.0	5.9	1192.075	3.6875	1201.6625000000001
7352489	77000.0	15	16000.0	7.7	1201.6625	4.8125	1214.175
7350505	69000.0	15	16000.0	6.9	1214.175	4.3125	1225.3875
7350982	58000.0	15	16000.0	5.8	1225.3875	3.625	1234.8125
7351269	74000.0	15	16000.0	7.4	1234.8125	4.625	1246.8375
7352314	55000.0	15	16000.0	5.5	1246.8375	3.4375	1255.775
7351250	71000.0	15	16000.0	7.1	1255.775	4.4375	1267.3125
7350574	59000.0	16	18000.0	5.9058	1173.3174	3.2778	1182.501
7351936	57000.0	16	18000.0	5.7058	1182.501	3.1667	1191.3735
7351616	50000.0	16	18000.0	5.0058	1191.3735	2.7778	1199.1571
7351053	61000.0	16	18000.0	6.1058	1199.1571	3.3889	1208.6517999999999
7352513	45000.0	16	18000.0	4.5058	1208.6518	2.5	1215.6576
7352942	55000.0	16	18000.0	5.5058	1215.6576	3.0556	1224.2189999999998
7352732	49000.0	16	18000.0	4.9058	1224.219	2.7222	1231.847
7351348	61000.0	16	18000.0	6.1058	1231.847	3.3889	1241.3417
7352209	63000.0	16	18000.0	6.3058	1241.3417	3.5	1251.1475
7352571	58000.0	14	12000.0	5.8	1687.7828	4.8333	1698.4161
7352868	65000.0	14	12000.0	6.5	1698.4161	5.4167	1710.3328
7352676	68000.0	14	12000.0	6.8	1710.3328	5.6667	1722.7994999999999
7350908	61000.0	16	18000.0	6.1058	1250.1475	3.3889	1259.6422
7350768	58000.0	16	18000.0	5.8058	1259.6422	3.2222	1268.6702
186527	1000.0	0	500.0	0.1	7544.7	2.0	7546.8
186524	1000.0	0	500.0	0.1	7546.8	2.0	7548.900000000001
186678	1000.0	0	500.0	0.1	7548.9	2.0	7551.0
186715	1000.0	0	500.0	0.1	7551.0	2.0	7553.1
186894	1000.0	0	500.0	0.1	7553.1	2.0	7555.200000000001
186620	1000.0	0	500.0	0.1	7555.2	2.0	7557.3
186799	1000.0	0	500.0	0.1	7557.3	2.0	7559.400000000001
186642	1000.0	0	500.0	0.1	7559.4	2.0	7561.5
186819	1000.0	0	500.0	0.1	7561.5	2.0	7563.6
186604	1000.0	0	500.0	0.1	7563.6	2.0	7565.700000000001
186586	1000.0	2	1000.0	0.1	0	1.0	1.1
186549	1000.0	2	1000.0	0.1	1.1	1.0	2.2
186722	1000.0	2	1000.0	0.1	2.2	1.0	3.3000000000000003
186688	1000.0	2	1000.0	0.1	3.3	1.0	4.4
186685	1000.0	2	1000.0	0.1	4.4	1.0	5.5
186672	1000.0	2	1000.0	0.1	5.5	1.0	6.6
186522	1000.0	2	1000.0	0.1	6.6	1.0	7.699999999999999
186665	1000.0	2	1000.0	0.1	7.7	1.0	8.8
186661	1000.0	2	1000.0	0.1	8.8	1.0	9.9
186561	1000.0	2	1000.0	0.1	9.9	1.0	11.0
186525	1000.0	2	1000.0	0.1	11.0	1.0	12.1
186716	1000.0	2	1000.0	0.1	12.1	1.0	13.2
186713	1000.0	2	1000.0	0.1	13.2	1.0	14.299999999999999
186558	1000.0	2	1000.0	0.1	14.3	1.0	15.4
186709	1000.0	2	1000.0	0.1	15.4	1.0	16.5
186598	1000.0	2	1000.0	0.1	16.5	1.0	17.6
186706	1000.0	2	1000.0	0.1	17.6	1.0	18.700000000000003
186654	1000.0	2	1000.0	0.1	18.7	1.0	19.8
186693	1000.0	2	1000.0	0.1	19.8	1.0	20.900000000000002
186641	1000.0	2	1000.0	0.1	20.9	1.0	22.0
186880	1000.0	2	1000.0	0.1	22.0	1.0	23.1
186881	1000.0	2	1000.0	0.1	23.1	1.0	24.200000000000003
186777	1000.0	2	1000.0	0.1	24.2	1.0	25.3
186778	1000.0	2	1000.0	0.1	25.3	1.0	26.400000000000002
186624	1000.0	2	1000.0	0.1	26.4	1.0	27.5
186628	1000.0	2	1000.0	0.1	27.5	1.0	28.6
186629	1000.0	2	1000.0	0.1	28.6	1.0	29.700000000000003
186809	1000.0	2	1000.0	0.1	29.7	1.0	30.8
186922	1000.0	2	1000.0	0.1	30.8	1.0	31.900000000000002
186920	1000.0	2	1000.0	0.1	31.9	1.0	33.0
186797	1000.0	2	1000.0	0.1	33.0	1.0	34.1
186897	1000.0	2	1000.0	0.1	34.1	1.0	35.2
186540	1000.0	2	1000.0	0.1	35.2	1.0	36.300000000000004
186898	1000.0	2	1000.0	0.1	36.3	1.0	37.4
186902	1000.0	2	1000.0	0.1	37.4	1.0	38.5
186538	1000.0	2	1000.0	0.1	38.5	1.0	39.6
186927	1000.0	2	1000.0	0.1	39.6	1.0	40.7
186773	1000.0	2	1000.0	0.1	40.7	1.0	41.800000000000004
186826	1000.0	2	1000.0	0.1	41.8	1.0	42.9
186614	1000.0	2	1000.0	0.1	42.9	1.0	44.0
186842	1000.0	2	1000.0	0.1	44.0	1.0	45.1
186728	1000.0	3	1000.0	0.1	0	1.0	1.1
186727	1000.0	3	1000.0	0.1	1.1	1.0	2.2
186545	1000.0	3	1000.0	0.1	2.2	1.0	3.3000000000000003
186544	1000.0	3	1000.0	0.1	3.3	1.0	4.4
186827	1000.0	3	1000.0	0.1	4.4	1.0	5.5
186521	1000.0	3	1000.0	0.1	5.5	1.0	6.6
186683	1000.0	3	1000.0	0.1	6.6	1.0	7.699999999999999
186690	1000.0	3	1000.0	0.1	7.7	1.0	8.8
186668	1000.0	3	1000.0	0.1	8.8	1.0	9.9
186662	1000.0	3	1000.0	0.1	9.9	1.0	11.0
186660	1000.0	3	1000.0	0.1	11.0	1.0	12.1
186670	1000.0	3	1000.0	0.1	12.1	1.0	13.2
186553	1000.0	3	1000.0	0.1	13.2	1.0	14.299999999999999
186557	1000.0	3	1000.0	0.1	14.3	1.0	15.4
186717	1000.0	3	1000.0	0.1	15.4	1.0	16.5
186714	1000.0	3	1000.0	0.1	16.5	1.0	17.6
186567	1000.0	3	1000.0	0.1	17.6	1.0	18.700000000000003
186659	1000.0	3	1000.0	0.1	18.7	1.0	19.8
186572	1000.0	3	1000.0	0.1	19.8	1.0	20.900000000000002
186707	1000.0	3	1000.0	0.1	20.9	1.0	22.0
186523	1000.0	3	1000.0	0.1	22.0	1.0	23.1
186890	1000.0	3	1000.0	0.1	23.1	1.0	24.200000000000003
186779	1000.0	3	1000.0	0.1	24.2	1.0	25.3
186626	1000.0	3	1000.0	0.1	25.3	1.0	26.400000000000002
186928	1000.0	3	1000.0	0.1	26.4	1.0	27.5
186798	1000.0	3	1000.0	0.1	27.5	1.0	28.6
186634	1000.0	3	1000.0	0.1	28.6	1.0	29.700000000000003
186905	1000.0	3	1000.0	0.1	29.7	1.0	30.8
186607	1000.0	3	1000.0	0.1	30.8	1.0	31.900000000000002
186872	1000.0	3	1000.0	0.1	31.9	1.0	33.0
186528	1000.0	3	1000.0	0.1	33.0	1.0	34.1
186749	1000.0	3	1000.0	0.1	34.1	1.0	35.2
186853	1000.0	3	1000.0	0.1	35.2	1.0	36.300000000000004
186753	1000.0	3	1000.0	0.1	36.3	1.0	37.4
186820	1000.0	3	1000.0	0.1	37.4	1.0	38.5
186603	1000.0	3	1000.0	0.1	38.5	1.0	39.6
186745	1000.0	3	1000.0	0.1	39.6	1.0	40.7
186673	1000.0	0	500.0	0.1	7564.7	2.0	7566.8
186871	1000.0	0	500.0	0.1	7566.8	2.0	7568.900000000001
186859	1000.0	0	500.0	0.1	7568.9	2.0	7571.0
186680	1000.0	0	500.0	0.1	7571.0	2.0	7573.1
186755	1000.0	0	500.0	0.1	7573.1	2.0	7575.200000000001
186723	1000.0	0	500.0	0.1	7575.2	2.0	7577.3
186649	1000.0	0	500.0	0.1	7577.3	2.0	7579.400000000001
186597	1000.0	0	500.0	0.1	7579.4	2.0	7581.5
186909	1000.0	0	500.0	0.1	7581.5	2.0	7583.6
186691	1000.0	0	500.0	0.1	7583.6	2.0	7585.700000000001
186704	1000.0	0	500.0	0.1	7585.7	2.0	7587.8
7351551	55000.0	0	500.0	5.5	7587.8	110.0	7703.3
186831	1000.0	2	1000.0	0.1	44.1	1.0	45.2
186834	1000.0	2	1000.0	0.1	45.2	1.0	46.300000000000004
186803	1000.0	2	1000.0	0.1	46.3	1.0	47.4
186901	1000.0	2	1000.0	0.1	47.4	1.0	48.5
186840	1000.0	2	1000.0	0.1	48.5	1.0	49.6
186849	1000.0	2	1000.0	0.1	49.6	1.0	50.7
186850	1000.0	2	1000.0	0.1	50.7	1.0	51.800000000000004
186876	1000.0	2	1000.0	0.1	51.8	1.0	52.9
186867	1000.0	2	1000.0	0.1	52.9	1.0	54.0
186888	1000.0	2	1000.0	0.1	54.0	1.0	55.1
186815	1000.0	2	1000.0	0.1	55.1	1.0	56.2
186811	1000.0	2	1000.0	0.1	56.2	1.0	57.300000000000004
186637	1000.0	2	1000.0	0.1	57.3	1.0	58.4
186917	1000.0	2	1000.0	0.1	58.4	1.0	59.5
186908	1000.0	2	1000.0	0.1	59.5	1.0	60.6
186766	1000.0	2	1000.0	0.1	60.6	1.0	61.7
186583	1000.0	2	1000.0	0.1	61.7	1.0	62.800000000000004
186615	1000.0	2	1000.0	0.1	62.8	1.0	63.9
186756	1000.0	2	1000.0	0.1	63.9	1.0	65.0
186754	1000.0	2	1000.0	0.1	65.0	1.0	66.1
186724	1000.0	2	1000.0	0.1	66.1	1.0	67.19999999999999
186647	1000.0	2	1000.0	0.1	67.2	1.0	68.3
186589	1000.0	2	1000.0	0.1	68.3	1.0	69.39999999999999
186744	1000.0	2	1000.0	0.1	69.4	1.0	70.5
186635	1000.0	2	1000.0	0.1	70.5	1.0	71.6
186770	1000.0	2	1000.0	0.1	71.6	1.0	72.69999999999999
186580	1000.0	2	1000.0	0.1	72.7	1.0	73.8
186772	1000.0	2	1000.0	0.1	73.8	1.0	74.89999999999999
186692	1000.0	2	1000.0	0.1	74.9	1.0	76.0
186910	1000.0	2	1000.0	0.1	76.0	1.0	77.1
186564	1000.0	2	1000.0	0.1	77.1	1.0	78.19999999999999
186565	1000.0	2	1000.0	0.1	78.2	1.0	79.3
186919	1000.0	2	1000.0	0.1	79.3	1.0	80.39999999999999
186630	1000.0	2	1000.0	0.1	80.4	1.0	81.5
186712	1000.0	2	1000.0	0.1	81.5	1.0	82.6
186929	1000.0	2	1000.0	0.1	82.6	1.0	83.69999999999999
186932	1000.0	2	1000.0	0.1	83.7	1.0	84.8
186775	1000.0	2	1000.0	0.1	84.8	1.0	85.89999999999999
186740	1000.0	2	1000.0	0.1	85.9	1.0	87.0
186658	1000.0	2	1000.0	0.1	87.0	1.0	88.1
186526	1000.0	2	1000.0	0.1	88.1	1.0	89.19999999999999
186542	1000.0	2	1000.0	0.1	89.2	1.0	90.3
186792	1000.0	3	1000.0	0.1	39.7	1.0	40.800000000000004
186664	1000.0	3	1000.0	0.1	40.8	1.0	41.9
186689	1000.0	3	1000.0	0.1	41.9	1.0	43.0
186663	1000.0	3	1000.0	0.1	43.0	1.0	44.1
186899	1000.0	3	1000.0	0.1	44.1	1.0	45.2
186793	1000.0	3	1000.0	0.1	45.2	1.0	46.300000000000004
186835	1000.0	3	1000.0	0.1	46.3	1.0	47.4
186657	1000.0	3	1000.0	0.1	47.4	1.0	48.5
186684	1000.0	3	1000.0	0.1	48.5	1.0	49.6
186847	1000.0	3	1000.0	0.1	49.6	1.0	50.7
186874	1000.0	3	1000.0	0.1	50.7	1.0	51.800000000000004
186852	1000.0	3	1000.0	0.1	51.8	1.0	52.9
186877	1000.0	3	1000.0	0.1	52.9	1.0	54.0
186669	1000.0	3	1000.0	0.1	54.0	1.0	55.1
186674	1000.0	3	1000.0	0.1	55.1	1.0	56.2
186879	1000.0	3	1000.0	0.1	56.2	1.0	57.300000000000004
186860	1000.0	3	1000.0	0.1	57.3	1.0	58.4
186884	1000.0	3	1000.0	0.1	58.4	1.0	59.5
186903	1000.0	3	1000.0	0.1	59.5	1.0	60.6
186813	1000.0	3	1000.0	0.1	60.6	1.0	61.7
186892	1000.0	3	1000.0	0.1	61.7	1.0	62.800000000000004
186666	1000.0	3	1000.0	0.1	62.8	1.0	63.9
186896	1000.0	3	1000.0	0.1	63.9	1.0	65.0
186758	1000.0	3	1000.0	0.1	65.0	1.0	66.1
186618	1000.0	3	1000.0	0.1	66.1	1.0	67.19999999999999
186638	1000.0	3	1000.0	0.1	67.2	1.0	68.3
186719	1000.0	3	1000.0	0.1	68.3	1.0	69.39999999999999
186643	1000.0	3	1000.0	0.1	69.4	1.0	70.5
186605	1000.0	3	1000.0	0.1	70.5	1.0	71.6
186742	1000.0	3	1000.0	0.1	71.6	1.0	72.69999999999999
186737	1000.0	3	1000.0	0.1	72.7	1.0	73.8
186730	1000.0	3	1000.0	0.1	73.8	1.0	74.89999999999999
186600	1000.0	3	1000.0	0.1	74.9	1.0	76.0
186733	1000.0	3	1000.0	0.1	76.0	1.0	77.1
186734	1000.0	3	1000.0	0.1	77.1	1.0	78.19999999999999
186612	1000.0	3	1000.0	0.1	78.2	1.0	79.3
186656	1000.0	3	1000.0	0.1	79.3	1.0	80.39999999999999
186914	1000.0	3	1000.0	0.1	80.4	1.0	81.5
186698	1000.0	3	1000.0	0.1	81.5	1.0	82.6
186789	1000.0	3	1000.0	0.1	82.6	1.0	83.69999999999999
186926	1000.0	3	1000.0	0.1	83.7	1.0	84.8
186569	1000.0	3	1000.0	0.1	84.8	1.0	85.89999999999999
186788	1000.0	3	1000.0	0.1	85.9	1.0	87.0
186631	1000.0	3	1000.0	0.1	87.0	1.0	88.1
186786	1000.0	3	1000.0	0.1	88.1	1.0	89.19999999999999
186577	1000.0	3	1000.0	0.1	89.2	1.0	90.3
186622	1000.0	3	1000.0	0.1	90.3	1.0	91.39999999999999
186651	1000.0	3	1000.0	0.1	91.4	1.0	92.5
186904	1000.0	3	1000.0	0.1	92.5	1.0	93.6
186543	1000.0	3	1000.0	0.1	93.6	1.0	94.69999999999999
186533	1000.0	3	1000.0	0.1	94.7	1.0	95.8
186575	1000.0	10	6000.0	0.1067	0	0.1667	0.2734
186621	6000.0	11	6000.0	0.6067	0	1.0	1.6067
7352009	43000.0	14	12000.0	4.3	1714.7995	3.5833	1722.6828
7351472	44000.0	14	12000.0	4.4	1722.6828	3.6667	1730.7495000000001
