77975.82
78554.79
78855.22
78856.68
78863.77
79358.12
79465.99
79466.13
79598.85
79598.85
74867.64
75089.81
75195.63
75368.67
75615.36
75852.87
76071.49
76220.52
76199.08
77252.45
77759.81
77811.68
77849.62
77857.05
77857.05
77961.99
78264.43
78298.44
78323.53
78323.53
74895.84
75284.1
75968.34
75961.93
76105.75
76187.79
76203.98
76599.34
76599.56
76719.08
76619.74
76691.97
76876.45
77152.1
77472.26
77472.63
77881.2
77896.7
77962.96
78043.84
76431.11
76999.74
77372.82
77505.17
77589.9
77814.01
78229.15
78229.15
78230.37
78342.73
76145.93
78125.01
78305.91
78492.46
78551.47
78567.33
78873.32
78981.85
79075.65
79237.23
75855.72
76515.06
77302.8
77734.29
77884.51
77885.48
77886.98
78178.33
78211.22
78246.19
78084.66
78977.97
78983.12
79054.96
79127.78
79867.71
79867.71
79867.71
79867.71
79867.71
77229.03
78018.85
78104.98
78527.12
78549.0
78556.61
79076.04
79076.04
79173.57
79173.57
75029.81
75616.75
75932.42
76091.68
76199.21
76298.44
76382.87
76691.72
76785.29
76785.29
77717.66
77839.98
77839.98
78666.07
78665.99
78853.81
79053.08
79295.0
79376.87
79464.23
74257.36
74267.06
74467.46
74698.04
74937.68
74937.86
74938.35
74943.84
75631.94
75725.65
74899.66
75686.62
75699.96
76633.55
76634.52
76653.67
76653.67
76721.53
76898.55
77181.09
74159.6
74475.65
74484.74
74484.74
74809.71
74959.51
75318.65
75331.27
75336.97
75600.53
73858.78
74792.88
74951.18
75196.85
75466.23
75604.89
75605.07
75605.07
75612.96
76022.74
72776.97
73564.86
74210.8
74420.59
74525.15
74668.08
74900.65
75100.43
75308.1
75399.6
75053.41
75631.3
75690.63
75699.62
75830.26
75922.39
76152.56
76221.5
76388.89
76536.54
72201.34
72275.48
72366.57
72616.15
72800.19
73408.74
73567.84
73925.68
74030.45
74129.25
73313.85
73615.46
73901.31
74101.05
74197.43
74244.12
74244.26
74336.78
74336.78
74435.42
71970.94
72374.09
72570.04
72844.65
72906.83
72906.76
72908.01
72907.93
72925.99
73331.49
70888.63
71095.11
71283.21
71366.18
71803.74
71803.74
71902.73
72054.25
72761.63
72761.63
69865.57
70664.72
70897.42
71114.85
71217.25
71337.39
71453.14
71661.56
72014.98
72348.34
69565.43
69599.45
70281.56
70479.67
70545.28
70643.02
70709.79
70730.79
70754.97
71086.23
69850.56
70632.54
71008.33
71284.67
71883.96
72011.3
72609.45
72928.22
73040.21
73155.21
67243.11
67691.55
67862.8
68069.09
68289.38
68376.65
68936.74
69146.45
69462.95
69629.16
67812.6
68143.04
68639.54
68639.54
68915.16
69074.28
69516.16
69640.47
69926.84
69990.45
67500.32
67801.68
68656.75
68763.73
69338.17
70558.43
71010.34
71287.03
71287.07
71535.96
66115.39
66626.64
66813.58
67302.21
67444.96
67453.62
68344.96
68897.88
68905.19
69030.42
65501.98
65534.52
66120.21
66311.92
66672.91
66707.18
67045.23
68329.66
68329.66
68493.27
62811.3
63367.62
63370.02
65350.0
65414.83
66086.79
66189.57
66311.48
66532.18
66670.39
64024.58
64445.48
64601.33
64838.06
65642.56
66110.53
66389.13
66889.78
67097.75
67220.46
64440.41
64927.02
65683.24
65686.29
65686.29
65768.64
65787.85
66012.61
66217.88
66471.38
62491.27
62538.48
64144.59
64221.22
64261.35
64407.32
64597.81
65783.24
65969.67
66160.7
59640.66
60832.01
62056.26
62144.77
62359.25
62445.3
63798.32
64213.75
64460.96
64596.87
62560.28
63364.16
63474.66
63622.05
63830.78
64266.46
65020.32
65243.92
65479.69
65479.69
62173.97
63349.19
63479.32
63557.86
63557.87
63944.87
64060.53
64252.91
64255.63
64561.48
62473.61
63212.75
63389.76
63475.71
63499.18
63584.6
63736.34
64163.24
64692.63
64743.69
61798.72
62200.18
62660.84
62760.02
62882.54
62895.13
63039.15
63089.18
63216.2
63501.9
60269.12
60319.45
61108.14
61276.87
61681.22
61790.0
61930.16
62681.64
62743.39
62927.8
61618.08
61721.19
62604.86
62668.48
62861.74
63270.59
63270.59
63339.07
63339.2
63438.93
60031.28
60319.26
61153.43
61888.96
61888.96
61941.23
61941.84
62338.9
62390.85
62390.85
58417.62
59378.2
59448.18
59493.28
59510.7
59539.75
59539.75
59518.73
59795.44
60015.67
59714.0
61008.84
61102.28
61102.88
61463.68
61568.12
61614.86
61655.45
61655.45
62121.89
58256.27
58660.48
59016.14
59203.37
59927.28
59963.34
60065.0
60197.19
60197.51
60614.86
56891.54
58432.44
58764.83
58847.95
59196.38
59388.24
59685.32
60078.73
60651.45
60814.7
55935.72
57644.09
57998.29
57999.51
58026.63
58026.06
58038.59
58078.32
58288.16
58604.73
59095.35
59137.35
59242.79
59264.96
59327.14
59472.85
59592.21
59672.73
60368.47
60502.74
55979.62
56913.12
57076.35
57098.41
57176.26
57677.9
57866.08
57871.92
57872.22
58364.43
56322.45
57162.25
57206.91
57370.69
57377.2
57736.47
57843.58
57844.69
57845.39
58213.89
57323.63
58255.91
58381.17
58844.33
59185.77
59434.18
59433.92
59508.65
59621.59
59718.46
56637.34
57221.66
57242.14
57303.82
57542.42
57697.24
57777.85
57993.4
58071.41
58117.53
54107.01
55636.74
55887.34
56118.49
56346.63
56389.85
56622.02
56780.87
56781.95
56875.54
53735.07
54515.76
54705.24
54768.28
54836.91
54910.63
55037.83
55190.73
55280.71
55280.71
54572.87
55571.46
55979.36
56483.87
56552.16
56556.12
56592.78
56767.84
56768.06
56903.7
53973.68
54022.45
54070.44
54276.49
54381.99
54428.83
54699.66
54818.36
54818.36
54818.36
53000.66
53108.93
53177.57
53589.5
53651.96
53944.37
54075.98
54076.3
54272.95
54272.95
50925.84
51023.64
51718.23
52486.41
52586.46
52640.28
52757.6
52816.54
53089.77
53089.77
50212.09
50416.3
50652.45
50835.39
51149.93
51487.9
51494.76
51527.0
51594.07
51714.89
49962.6
50914.51
50961.8
51142.7
51516.76
51757.24
51783.68
52203.62
52204.43
52301.5
49149.25
49209.43
49940.13
50114.34
50114.58
50256.95
50621.8
50617.41
50842.84
50842.84
48901.56
49761.34
49855.12
49861.5
49907.39
50437.85
50437.85
50577.54
50715.55
50715.55
47649.87
48582.21
49202.05
49725.78
49743.77
49747.59
49749.24
49784.18
50120.42
50120.42
48194.42
48950.58
48995.12
48997.71
49116.59
49554.27
49862.19
49887.94
49887.94
49887.94
44996.19
45288.54
45890.42
45960.26
47995.45
48092.96
48583.9
48916.0
49038.76
49066.2
46140.58
46859.55
48329.62
48331.46
48731.53
49115.37
49178.52
49246.29
49280.11
49342.54
41679.19
41957.89
42763.82
42795.42
42897.18
43263.08
43263.75
48074.56
48438.04
48673.16
37173.1
38306.98
38373.5
38607.82
39513.21
39927.19
40386.85
40762.88
40796.91
40848.06
38771.04
39417.02
39835.96
39984.9
40006.07
40283.57
45354.96
47567.24
47578.62
47873.76
46424.31
46424.31
47181.11
47502.54
47861.32
48707.43
49458.79
49628.74
49630.57
49991.1
44637.21
45188.92
45678.91
46025.1
46337.79
46343.21
46726.69
46745.96
46813.35
47039.8
40310.23
43217.58
44127.74
45433.33
45809.37
45809.37
45940.41
46247.29
46404.89
46404.89
38738.39
38787.89
40233.84
46358.86
46427.85
46461.87
47081.09
47175.63
47259.28
47323.07
37432.23
38999.59
39629.13
45374.94
45805.25
46440.34
46594.21
46645.15
46696.74
46838.29
38196.15
38591.78
41540.71
44824.44
44874.18
45400.05
45755.49
46075.1
46116.79
46116.79
38044.86
40182.66
44561.08
45085.92
45085.92
45347.99
45868.5
46001.01
46050.35
46050.35
36634.3
39318.38
44025.67
45068.87
45527.28
45859.77
45859.77
45859.77
45859.77
45859.77
36338.54
38841.13
44237.22
44425.93
44948.08
45570.84
45622.99
45615.28
45736.46
45736.46
36800.42
39322.85
43171.61
43494.42
43924.49
44145.19
44208.79
44600.32
44780.3
44780.3
35497.68
37118.09
42728.0
42748.87
43177.32
43414.12
43460.2
43577.2
43661.56
43681.83
36520.62
38014.32
44327.38
44924.13
45170.64
45307.97
45345.31
45356.03
45581.07
45774.64
36265.46
38307.69
44341.72
45246.0
45386.76
45623.46
45644.39
45673.91
45912.51
45912.51
36046.87
38035.17
44990.38
44995.41
45047.69
45651.92
45832.62
45930.07
45930.07
45930.07
36102.03
37923.37
44293.15
44479.35
44528.92
44650.09
44668.57
45062.43
45098.16
45138.36
35629.88
37496.69
43377.75
44051.74
44215.03
44264.66
44363.51
44493.02
44592.34
44592.34
36658.51
37248.01
39752.18
41423.51
41517.73
41942.06
41954.89
42025.24
42086.92
42086.92
38495.3
38796.97
41594.44
42174.78
42778.61
43236.76
43310.36
43462.67
43470.84
43472.68
34480.26
35911.17
36332.4
40543.55
40557.49
40872.65
40898.58
40935.77
40937.58
40962.34
37135.75
37244.05
39727.51
42716.84
42811.0
42932.15
43029.55
43171.25
43234.37
43234.37
35392.11
36315.97
39611.83
41196.46
41403.73
41626.14
41701.01
41733.93
41884.24
41944.03
37086.63
38223.28
38789.42
40837.17
41341.0
41457.33
41540.29
41629.21
41663.12
41711.48
36276.25
36459.29
39565.25
40594.07
41139.8
41152.77
41174.71
41566.36
41629.6
41629.6
38340.34
38528.37
39765.5
40550.27
41401.01
41570.79
41662.02
41725.13
41740.71
41864.27
39642.86
40110.43
40420.96
42900.71
42964.16
43620.78
43628.86
43633.02
43633.93
43888.07
39267.99
39434.96
42184.2
44149.3
44364.21
44401.95
44652.89
44770.55
44855.14
44905.33
40458.93
42187.56
42403.19
43979.74
44183.1
44561.59
44585.68
44614.08
44710.83
44724.61
43712.56
43821.34
44160.47
44508.77
44612.65
44612.65
44774.12
44774.12
44789.74
45104.24
43629.91
45068.22
45220.93
45424.76
45436.52
45436.61
45614.64
45691.05
45902.77
46146.65
43176.56
43472.9
44130.46
44546.25
44659.0
44669.88
44661.59
45012.51
45063.13
45257.56
