4435806	125000.0	15	16000.0	12.5	0	7.8125	20.3125
1959957	229000.0	17	24000.0	22.9058	0	9.5417	32.4475
1961590	222000.0	17	24000.0	22.2058	32.4475	9.25	63.9033
1960642	242000.0	17	24000.0	24.2058	63.9033	10.0833	98.19239999999999
1961738	248000.0	18	30000.0	24.8058	0	8.2667	33.072500000000005
1961753	245000.0	19	30000.0	24.5058	0	8.1667	32.6725
1959832	208000.0	19	30000.0	20.8058	32.6725	6.9333	60.41160000000001
1961695	267000.0	19	30000.0	26.7058	60.4116	8.9	96.01740000000001
4434196	217000.0	19	30000.0	21.7058	96.0174	7.2333	124.95649999999999
1960845	261000.0	0	500.0	26.1	0	522.0	548.1
1959902	181000.0	0	500.0	18.1	548.1	362.0	928.2
1960694	250000.0	17	24000.0	25.0058	96.1924	10.4167	131.6149
1961091	248000.0	18	30000.0	24.8058	32.0725	8.2667	65.145
1960194	257000.0	19	30000.0	25.7058	123.9565	8.5667	158.229
1961340	226000.0	17	24000.0	22.6058	130.6149	9.4167	162.63739999999999
1961799	219000.0	18	30000.0	21.9058	64.145	7.3	93.35079999999999
1959962	216000.0	18	30000.0	21.6058	93.3508	7.2	122.15660000000001
1959311	209000.0	19	30000.0	20.9058	157.229	6.9667	185.10150000000002
4435856	427000.0	19	30000.0	42.7058	185.1015	14.2333	242.04059999999998
1959505	239000.0	17	24000.0	23.9058	161.6374	9.9583	195.50150000000002
1960890	213000.0	18	30000.0	21.3058	121.1566	7.1	149.5624
1959717	203000.0	18	30000.0	20.3058	149.5624	6.7667	176.63490000000002
1959130	173000.0	19	30000.0	17.3058	241.0406	5.7667	264.11310000000003
4436745	188000.0	0	500.0	18.8	0	376.0	394.8
2318618	149000.0	14	12000.0	14.9	0	12.4167	27.3167
4436295	175000.0	18	30000.0	17.5058	0	5.8333	23.339100000000002
1961615	237000.0	18	30000.0	23.7058	23.3391	7.9	54.9449
4434168	157000.0	18	30000.0	15.7058	54.9449	5.2333	75.884
4436854	173000.0	19	30000.0	17.3058	0	5.7667	23.0725
4437721	159000.0	0	500.0	15.9	393.8	318.0	727.7
1961864	243000.0	17	24000.0	24.3058	0	10.125	34.430800000000005
4436586	214000.0	17	24000.0	21.4058	34.4308	8.9167	64.7533
1960996	231000.0	17	24000.0	23.1058	64.7533	9.625	97.4841
1959209	169000.0	17	24000.0	16.9058	97.4841	7.0417	121.4316
4434451	157000.0	18	30000.0	15.7058	74.884	5.2333	95.8231
4436618	184000.0	19	30000.0	18.4058	22.0725	6.1333	46.6116
4437234	169000.0	19	30000.0	16.9058	46.6116	5.6333	69.1507
4436037	154000.0	0	500.0	15.4	726.7	308.0	1050.1
4437660	144000.0	0	500.0	14.4	1050.1	288.0	1352.5
2318227	124000.0	16	18000.0	12.4058	0	6.8889	19.2947
4437563	133000.0	16	18000.0	13.3058	19.2947	7.3889	39.989399999999996
2318420	163000.0	17	24000.0	16.3058	120.4316	6.7917	143.5291
1961488	283000.0	17	24000.0	28.3058	143.5291	11.7917	183.6266
4435736	174000.0	18	30000.0	17.4058	94.8231	5.8	118.0289
1960046	221000.0	18	30000.0	22.1058	118.0289	7.3667	147.5014
4435126	188000.0	18	30000.0	18.8058	147.5014	6.2667	172.57389999999998
4434339	161000.0	18	30000.0	16.1058	172.5739	5.3667	194.0464
4435439	158000.0	18	30000.0	15.8058	194.0464	5.2667	215.1189
4435585	194000.0	19	30000.0	19.4058	68.1507	6.4667	94.0232
4434593	165000.0	19	30000.0	16.5058	94.0232	5.5	116.029
4435936	154000.0	19	30000.0	15.4058	116.029	5.1333	136.5681
4436613	197000.0	19	30000.0	19.7058	136.5681	6.5667	162.8406
4436803	186000.0	19	30000.0	18.6058	162.8406	6.2	187.64639999999997
4434768	174000.0	19	30000.0	17.4058	187.6464	5.8	210.8522
4434773	189000.0	0	500.0	18.9	1351.5	378.0	1748.4
4437154	137000.0	14	12000.0	13.7	24.3167	11.4167	49.4334
4434301	129000.0	15	16000.0	12.9	0	8.0625	20.9625
2318535	139000.0	15	16000.0	13.9	20.9625	8.6875	43.55
4435262	147000.0	16	18000.0	14.7058	38.9894	8.1667	61.8619
4437747	140000.0	16	18000.0	14.0058	61.8619	7.7778	83.6455
2318182	165000.0	17	24000.0	16.5058	182.6266	6.875	206.0074
4435910	157000.0	18	30000.0	15.7058	214.1189	5.2333	235.058
1961001	229000.0	18	30000.0	22.9058	235.058	7.6333	265.5971
1959383	198000.0	18	30000.0	19.8058	265.5971	6.6	292.0029
4435633	153000.0	19	30000.0	15.3058	209.8522	5.1	230.258
4434135	165000.0	19	30000.0	16.5058	230.258	5.5	252.2638
4434458	173000.0	19	30000.0	17.3058	252.2638	5.7667	275.3363
4434381	160000.0	19	30000.0	16.0058	275.3363	5.3333	296.6754
4436100	176000.0	0	500.0	17.6	1747.4	352.0	2117.0
2318614	125000.0	15	16000.0	12.5	42.55	7.8125	62.8625
4434862	149000.0	15	16000.0	14.9	62.8625	9.3125	87.075
4436074	134000.0	16	18000.0	13.4058	82.6455	7.4444	103.4957
2318457	134000.0	16	18000.0	13.4058	103.4957	7.4444	124.3459
1959459	324000.0	17	24000.0	32.4058	205.0074	13.5	250.9132
2318471	195000.0	17	24000.0	19.5058	250.9132	8.125	278.544
4436755	157000.0	17	24000.0	15.7058	278.544	6.5417	300.7915
1961312	194000.0	17	24000.0	19.4058	300.7915	8.0833	328.2806
4437755	154000.0	17	24000.0	15.4058	328.2806	6.4167	350.1031
1959299	246000.0	17	24000.0	24.6058	350.1031	10.25	384.95889999999997
4434388	161000.0	18	30000.0	16.1058	291.0029	5.3667	312.4754
2318426	171000.0	18	30000.0	17.1058	312.4754	5.7	335.28119999999996
4435155	151000.0	18	30000.0	15.1058	335.2812	5.0333	355.4203
2318404	150000.0	19	30000.0	15.0058	295.6754	5.0	315.68120000000005
1961922	192000.0	19	30000.0	19.2058	315.6812	6.4	341.287
1959186	294000.0	19	30000.0	29.4058	341.287	9.8	380.4928
2318563	150000.0	19	30000.0	15.0058	380.4928	5.0	400.4986
2318597	156000.0	19	30000.0	15.6058	400.4986	5.2	421.3044
4437383	170000.0	19	30000.0	17.0058	421.3044	5.6667	443.9769
522172	6000.0	0	500.0	0.6	0	12.0	12.6
522182	1000.0	0	500.0	0.1	12.6	2.0	14.7
522166	2000.0	0	500.0	0.2	14.7	4.0	18.9
522171	1000.0	2	1000.0	0.1	0	1.0	1.1
522185	1000.0	3	1000.0	0.1	0	1.0	1.1
522170	1000.0	3	1000.0	0.1	1.1	1.0	2.2
522176	1000.0	3	1000.0	0.1	2.2	1.0	3.3000000000000003
522169	1000.0	3	1000.0	0.1	3.3	1.0	4.4
522190	1000.0	3	1000.0	0.1	4.4	1.0	5.5
522183	2000.0	4	4000.0	0.2038	0	0.5	0.7038
522178	2000.0	4	4000.0	0.2038	0.7038	0.5	1.4076
522175	2000.0	7	5000.0	0.2038	0	0.4	0.6038
522187	2000.0	7	5000.0	0.2038	0.6038	0.4	1.2076
522179	2000.0	8	5000.0	0.2067	0	0.4	0.6067
522186	2000.0	8	5000.0	0.2067	0.6067	0.4	1.2134
522168	3000.0	8	5000.0	0.3067	1.2134	0.6	2.1201
522180	6000.0	9	6000.0	0.6067	0	1.0	1.6067
522191	7000.0	10	6000.0	0.7067	0	1.1667	1.8734000000000002
522189	6000.0	10	6000.0	0.6067	1.8734	1.0	3.4801
522167	6000.0	11	6000.0	0.6067	0	1.0	1.6067
522174	6000.0	12	6000.0	0.6	0	1.0	1.6
522188	6000.0	12	6000.0	0.6	1.6	1.0	3.2
522181	6000.0	13	8000.0	0.6	0	0.75	1.35
522184	6000.0	13	8000.0	0.6	1.35	0.75	2.7
522177	6000.0	13	8000.0	0.6	2.7	0.75	4.050000000000001
522173	6000.0	13	8000.0	0.6	4.05	0.75	5.3999999999999995
522165	6000.0	13	8000.0	0.6	5.4	0.75	6.75
8862145	11000.0	14	12000.0	1.1	0	0.9167	2.0167
8862144	19000.0	16	18000.0	1.9058	0	1.0556	2.9614000000000003
4826035	1000.0	19	30000.0	0.1058	0	0.0333	0.1391
4826777	2000.0	4	4000.0	0.2038	0	0.5	0.7038
4826152	1000.0	2	1000.0	0.1	0	1.0	1.1
7351480	13000.0	15	16000.0	1.3	0	0.8125	2.1125
