94109
94490
94871
95984
96136
96703
97030
97059
97061
97361
92463
92412
92822
92823
93073
93924
94423
94455
94705
94977
91285
91697
93312
93404
93997
94403
94389
94648
94648
94648
89648
89697
90571
90615
91875
92236
92502
92502
92502
89135
89267
89317
89317
90214
92520
93066
93087
93158
91026
92127
92535
93101
93390
93712
93905
93905
93908
93955
91724
93220
94112
94148
94320
94321
94403
94501
94954
95582
95161
95167
96146
96115
96117
96393
96387
96355
96355
96880
90050
92145
92398
92922
92985
93025
93303
93637
93997
98340
98669
92039
94322
90140
90471
87234
87814
91505
95833
90170
88471
85644
83132
84035
83447
76555
79201
86608
79836
80339
76781
80592
77530
84291
78357
75095
75297
75377
73391
69848
67918
66487
62223
65506
64259
87545
61444
63688
63315
66062
63695
59325
63905
64901
63883
66274
59861
60732
63027
62219
62446
64535
62925
62528
64284
63893
62897
59085
67461
64535
65359
62486
64547
59696
62464
66750
64242
64962
57511
63005
65803
66706
60938
64315
67587
67126
64222
65050
62531
65457
64668
65237
62780
62514
65955
62488
62246
62194
61603
63731
62546
61384
63998
61328
62599
62776
67700
67610
57741
64399
63983
58867
61495
63791
60551
62935
59363
63502
64522
61321
65416
