77975.82
78554.79
78855.22
78856.68
78863.77
79358.12
79465.99
79466.13
79598.85
79598.85
74867.64
75089.81
75195.63
75368.67
75615.36
75852.87
76071.49
76220.52
76199.08
77252.45
77759.81
77811.68
77849.62
77857.05
77857.05
77961.99
78264.43
78298.44
78323.53
78323.53
74895.84
75284.1
75968.34
75961.93
76105.75
76187.79
76203.98
76599.34
76599.56
76719.08
76619.74
76691.97
76876.45
77152.1
77472.26
77472.63
77881.2
77896.7
77962.96
78043.84
76431.11
76999.74
77372.82
77505.17
77589.9
77814.01
78229.15
78229.15
78230.37
78342.73
76145.93
78125.01
78305.91
78492.46
78551.47
78567.33
78873.32
78981.85
79075.65
79237.23
75855.72
76515.06
77302.8
77734.29
77884.51
77885.48
77886.98
78178.33
78211.22
78246.19
78084.66
78977.97
78983.12
79054.96
79127.78
79867.71
79867.71
79867.71
79867.71
79867.71
77229.03
78018.85
78104.98
78527.12
78549.0
78556.61
79076.04
79076.04
79173.57
79173.57
75029.81
75616.75
75932.42
76091.68
76199.21
76298.44
76382.87
76691.72
76785.29
76785.29
77717.66
77839.98
77839.98
78666.07
78665.99
78853.81
79053.08
79295.0
79376.87
79464.23
74257.36
74267.06
74467.46
74698.04
74937.68
74937.86
74938.35
74943.84
75631.94
75725.65
74899.66
75686.62
75699.96
76633.55
76634.52
76653.67
76653.67
76721.53
76898.55
77181.09
74159.6
74475.65
74484.74
74484.74
74809.71
74959.51
75318.65
75331.27
75336.97
75600.53
73858.78
74792.88
74951.18
75196.85
75466.23
75604.89
75605.07
75605.07
75612.96
76022.74
72776.97
73564.86
74210.8
74420.59
74525.15
74668.08
74900.65
75100.43
75308.1
75399.6
75053.41
75631.3
75690.63
75699.62
75830.26
75922.39
76152.56
76221.5
76388.89
76536.54
72201.34
72275.48
72366.57
72616.15
72800.19
73408.74
73567.84
73925.68
74030.45
74129.25
73313.85
73615.46
73901.31
74101.05
74197.43
74244.12
74244.26
74336.78
74336.78
74435.42
71970.94
72374.09
72570.04
72844.65
72906.83
72906.76
72908.01
72907.93
72925.99
73331.49
70888.63
71095.11
71283.21
71366.18
71803.74
71803.74
71902.73
72054.25
72761.63
72761.63
69865.57
70664.72
70897.42
71114.85
71217.25
71337.39
71453.14
71661.56
72014.98
72348.34
69565.43
69599.45
70281.56
70479.67
70545.28
70643.02
70709.79
70730.79
70754.97
71086.23
69850.56
70632.54
71008.33
71284.67
71883.96
72011.3
72609.45
72928.22
73040.21
73155.21
67243.11
67691.55
67862.8
68069.09
68289.38
68376.65
68936.74
69146.45
69462.95
69629.16
67812.6
68143.04
68639.54
68639.54
68915.16
69074.28
69516.16
69640.47
69926.84
69990.45
67500.32
67801.68
68656.75
68763.73
69338.17
70558.43
71010.34
71287.03
71287.07
71535.96
66115.39
66626.64
66813.58
67302.21
67444.96
67453.62
68344.96
68897.88
68905.19
69030.42
65501.98
65534.52
66120.21
66311.92
66672.91
66707.18
67045.23
68329.66
68329.66
68493.27
62811.3
63367.62
63370.02
65350.0
65414.83
66086.79
66189.57
66311.48
66532.18
66670.39
64024.58
64445.48
64601.33
64838.06
65642.56
66110.53
66389.13
66889.78
67097.75
67220.46
64440.41
64927.02
65683.24
65686.29
65686.29
65768.64
65787.85
66012.61
66217.88
66471.38
62491.27
62538.48
64144.59
64221.22
64261.35
64407.32
64597.81
65783.24
65969.67
66160.7
59640.66
60832.01
62056.26
62144.77
62359.25
62445.3
63798.32
64213.75
64460.96
64596.87
62560.28
63364.16
63474.66
63622.05
63830.78
64266.46
65020.32
65243.92
65479.69
65479.69
62173.97
63349.19
63479.32
63557.86
63557.87
63944.87
64060.53
64252.91
64255.63
64561.48
62473.61
63212.75
63389.76
63475.71
63499.18
63584.6
63736.34
64163.24
64692.63
64743.69
61798.72
62200.18
62660.84
62760.02
62882.54
62895.13
63039.15
63089.18
63216.2
63501.9
60269.12
60319.45
61108.14
61276.87
61681.22
61790.0
61930.16
62681.64
62743.39
62927.8
61618.08
61721.19
62604.86
62668.48
62861.74
63270.59
63270.59
63339.07
63339.2
63438.93
60031.28
60319.26
61153.43
61888.96
61888.96
61941.23
61941.84
62338.9
62390.85
62390.85
58417.62
59378.2
59448.18
59493.28
59510.7
59539.75
59539.75
59518.73
59795.44
60015.67
59714.0
61008.84
61102.28
61102.88
61463.68
61568.12
61614.86
61655.45
61655.45
62121.89
58256.27
58660.48
59016.14
59203.37
59927.28
59963.34
60065.0
60197.19
60197.51
60614.86
56891.54
58432.44
58764.83
58847.95
59196.38
59388.24
59685.32
60078.73
60651.45
60814.7
55935.72
57644.09
57998.29
57999.51
58026.63
58026.06
58038.59
58078.32
58288.16
58604.73
59095.35
59137.35
59242.79
59264.96
59327.14
59472.85
59592.21
59672.73
60368.47
60502.74
55979.62
56913.12
57076.35
57098.41
57176.26
57677.9
57866.08
57871.92
57872.22
58364.43
56322.45
57162.25
57206.91
57370.69
57377.2
57736.47
57843.58
57844.69
57845.39
58213.89
57323.63
58255.91
58381.17
58844.33
59185.77
59434.18
59433.92
59508.65
59621.59
59718.46
56637.34
57221.66
57242.14
57303.82
57542.42
57697.24
57777.85
57993.4
58071.41
58117.53
54107.01
55636.74
55887.34
56118.49
56346.63
56389.85
56622.02
56780.87
56781.95
56875.54
53735.07
54515.76
54705.24
54768.28
54836.91
54910.63
55037.83
55190.73
55280.71
55280.71
54572.87
55571.46
55979.36
56483.87
56552.16
56556.12
56592.78
56767.84
56768.06
56903.7
53973.68
54022.45
54070.44
54276.49
54381.99
54428.83
54699.66
54818.36
54818.36
54818.36
53000.66
53108.93
53177.57
53589.5
53651.96
53944.37
54075.98
54076.3
54272.95
54272.95
50925.84
51023.64
51718.23
52486.41
52586.46
52640.28
52757.6
52816.54
53089.77
53089.77
50212.09
50416.3
50652.45
50835.39
51149.93
51487.9
51494.76
51527.0
51594.07
51714.89
49962.6
50914.51
50961.8
51142.7
51516.76
51757.24
51783.68
52203.62
52204.43
52301.5
49149.25
49209.43
49940.13
50114.34
50114.58
50256.95
50621.8
50617.41
50842.84
50842.84
48901.56
49761.34
49855.12
49861.5
49907.39
50437.85
50437.85
50577.54
50715.55
50715.55
47649.87
48582.21
49202.05
49725.78
49743.77
49747.59
49749.24
49784.18
50120.42
50120.42
48194.42
48950.58
48995.12
48997.71
49116.59
49554.27
49862.19
49887.94
49887.94
49887.94
44996.19
45288.54
45890.42
45960.26
47995.45
48092.96
48583.9
48916.0
49038.76
49066.2
46140.58
46859.55
48329.62
48331.46
48731.53
49115.37
49178.52
49246.29
49280.11
49342.54
41679.19
41957.89
42763.82
42795.42
42897.18
43263.08
43263.75
48074.56
48438.04
48673.16
37173.1
38306.98
38373.5
38607.82
39513.21
39927.19
40386.85
40762.88
40796.91
40848.06
38771.04
39417.02
39835.96
39984.9
40006.07
40283.57
45354.96
47567.24
47578.62
47873.76
46424.31
46424.31
47181.11
47502.54
47861.32
48707.43
49458.79
49628.74
49630.57
49991.1
44637.21
45188.92
45678.91
46025.1
46337.79
46343.21
46726.69
46745.96
46813.35
47039.8
40310.23
43217.58
44127.74
45433.33
45809.37
45809.37
45940.41
46247.29
46404.89
46404.89
38738.39
38787.89
40233.84
46358.86
46427.85
46461.87
47081.09
47175.63
47259.28
47323.07
37432.23
38999.59
39629.13
45374.94
45805.25
46440.34
46594.21
46645.15
46696.74
46838.29
38196.15
38591.78
41540.71
44824.44
44874.18
45400.05
45755.49
46075.1
46116.79
46116.79
38044.86
40182.66
44561.08
45085.92
45085.92
45347.99
45868.5
46001.01
46050.35
46050.35
36634.3
39318.38
44025.67
45068.87
45527.28
45859.77
45859.77
45859.77
45859.77
45859.77
36338.54
38841.13
44237.22
44425.93
44948.08
45570.84
45622.99
45615.28
45736.46
45736.46
36800.42
39322.85
43171.61
43494.42
43924.49
44145.19
44208.79
44600.32
44780.3
44780.3
35497.68
37118.09
42728.0
42748.87
43177.32
43414.12
43460.2
43577.2
43661.56
43681.83
36520.62
38014.32
44327.38
44924.13
45170.64
45307.97
45345.31
45356.03
45581.07
45774.64
36265.46
38307.69
44341.72
45246.0
45386.76
45623.46
45644.39
45673.91
45912.51
45912.51
36046.87
38035.17
44990.38
44995.41
45047.69
45651.92
45832.62
45930.07
45930.07
45930.07
36102.03
37923.37
44293.15
44479.35
44528.92
44650.09
44668.57
45062.43
45098.16
45138.36
35629.88
37496.69
43377.75
44051.74
44215.03
44264.66
44363.51
44493.02
44592.34
44592.34
36658.51
37248.01
39752.18
41423.51
41517.73
41942.06
41954.89
42025.24
42086.92
42086.92
38495.3
38796.97
41594.44
42174.78
42778.61
43236.76
43310.36
43462.67
43470.84
43472.68
34480.26
35911.17
36332.4
40543.55
40557.49
40872.65
40898.58
40935.77
40937.58
40962.34
37135.75
37244.05
39727.51
42716.84
42811.0
42932.15
43029.55
43171.25
43234.37
43234.37
35392.11
36315.97
39611.83
41196.46
41403.73
41626.14
41701.01
41733.93
41884.24
41944.03
37086.63
38223.28
38789.42
40837.17
41341.0
41457.33
41540.29
41629.21
41663.12
41711.48
36276.25
36459.29
39565.25
40594.07
41139.8
41152.77
41174.71
41566.36
41629.6
41629.6
38340.34
38528.37
39765.5
40550.27
41401.01
41570.79
41662.02
41725.13
41740.71
41864.27
39642.86
40110.43
40420.96
42900.71
42964.16
43620.78
43628.86
43633.02
43633.93
43888.07
39267.99
39434.96
42184.2
44149.3
44364.21
44401.95
44652.89
44770.55
44855.14
44905.33
40458.93
42187.56
42403.19
43979.74
44183.1
44561.59
44585.68
44614.08
44710.83
44724.61
43712.56
43821.34
44160.47
44508.77
44612.65
44612.65
44774.12
44774.12
44789.74
45104.24
43629.91
45068.22
45220.93
45424.76
45436.52
45436.61
45614.64
45691.05
45902.77
46146.65
43176.56
43472.9
44130.46
44546.25
44659.0
44669.88
44661.59
45012.51
45063.13
45257.56
44404.11
44718.69
44945.71
45000.35
45286.25
45782.11
45783.68
45783.69
45803.97
45845.19
41387.86
42061.79
42476.86
44023.04
44054.48
44271.07
44286.37
44306.23
44714.42
44716.36
42218.39
43109.8
44254.17
44253.29
44288.5
44352.35
44405.72
44427.41
44967.69
45000.99
40890.81
41215.89
42105.04
42755.24
44197.86
44224.97
44397.67
44740.95
44760.68
44760.68
43717.27
43768.76
43983.01
44363.34
44803.06
44860.95
44976.63
45230.7
45627.29
45663.7
42422.71
42444.19
43850.79
43969.76
44295.48
44373.42
44425.72
44619.04
44745.72
44894.49
43400.92
44042.63
44217.51
44414.26
44497.66
44642.21
45143.39
45204.62
45440.61
45476.24
42673.7
43552.66
43559.56
43904.3
44251.54
44585.09
44631.96
44739.88
44933.1
44946.01
42520.55
43003.44
43033.07
44418.38
44441.13
44445.82
44497.3
44535.54
44544.08
44722.8
41759.31
42724.94
43879.25
43917.28
44858.06
45727.85
45753.52
45818.07
45844.31
46069.16
42962.35
43456.06
43618.51
43847.77
44312.11
44588.29
44859.51
44862.71
44873.44
44881.66
40650.56
40840.11
42265.78
42762.73
43934.42
44297.71
44431.35
44794.55
44795.58
44795.58
42000.1
42909.0
42986.8
43563.22
44315.27
44517.5
44543.56
44621.17
44786.05
44931.04
41679.36
42925.94
43090.73
43117.65
44395.2
44871.03
44985.84
45230.51
45358.41
45358.41
39482.5
40958.41
40960.02
44579.52
44898.52
44920.82
44952.93
44953.75
44983.25
45084.05
42254.81
43128.11
43387.49
43697.88
45114.07
45267.63
45700.17
45755.0
45796.56
45833.02
41997.18
42033.45
42489.13
43082.53
44008.86
44115.83
44138.08
44329.91
44469.05
44469.05
40904.66
41889.47
42269.25
42722.84
43922.51
44336.13
44365.88
44543.68
44802.22
44802.22
39905.81
40708.58
41722.24
41779.22
43716.47
43741.51
43846.7
43889.37
43961.7
44111.32
41269.34
41497.64
42988.63
43223.73
44839.0
44843.69
45039.08
45166.64
45189.95
45191.81
41026.29
42013.26
42816.26
43357.88
45163.1
45157.18
45190.36
45224.1
45251.11
45251.11
43179.42
44205.91
44207.43
44863.01
45121.12
45345.7
45348.34
45877.84
46072.02
46072.02
43510.07
43952.3
43977.96
44766.04
44831.43
44845.53
45288.98
45526.21
45581.85
45790.73
40792.55
41811.09
43103.26
43479.72
44743.92
44974.47
45151.55
45155.06
45503.97
45503.97
41546.82
43153.39
43351.85
43993.61
44649.46
44891.16
45348.06
45348.64
45366.06
45469.45
41420.7
41994.84
43305.79
43560.98
44606.53
45383.55
45423.66
45450.97
45711.0
45798.63
41669.82
41814.42
42946.62
43631.74
44645.6
44982.07
45161.33
45206.04
45337.94
45498.52
41146.22
42475.09
42820.27
42882.32
45592.66
46108.55
46110.42
46113.75
46157.45
46206.28
41389.83
42378.49
42659.52
43610.6
44115.67
44392.1
44511.55
44908.79
44908.79
44908.79
40560.51
41153.42
42558.01
42694.36
44042.49
44139.86
44190.6
44598.38
44680.73
44784.61
41721.84
42477.06
43117.27
43586.43
44625.43
45072.67
45122.42
45257.82
45451.4
45463.74
42675.55
43248.49
44512.49
44753.81
46461.9
46623.54
46668.9
46794.2
46899.4
46982.44
42074.12
42241.54
43251.53
43403.38
45236.66
45531.94
45549.77
45645.88
45847.78
45855.36
41337.57
41385.34
41803.25
42319.7
44169.22
44750.41
44825.55
44852.64
44855.09
44855.09
42693.01
43893.95
44253.92
44505.88
45501.23
45504.08
46001.06
46114.23
46139.63
46335.36
42381.97
42401.36
43138.87
44045.21
45566.04
45613.24
45723.66
46107.15
46203.96
46203.96
40769.18
42007.03
42399.03
44194.02
45475.15
45736.98
46010.19
46048.17
46070.58
46070.58
43160.25
43942.98
44028.1
44977.29
45004.89
45031.83
45059.38
45412.14
45565.6
45664.94
43956.2
44072.79
44657.18
44681.88
45085.33
45235.17
45365.58
45554.0
45555.69
45588.29
42841.73
43071.97
43693.12
43943.0
44185.58
44470.09
44527.81
44533.45
44825.9
44909.37
40663.64
42810.79
43883.54
43955.85
45418.92
45457.23
45495.25
45701.92
45704.17
45932.51
42407.24
42427.57
43441.76
43703.57
44493.21
45172.88
45205.68
45301.42
45301.42
45527.47
41307.93
41923.91
43011.98
43465.6
44402.87
44951.47
44955.77
44958.3
45297.63
45340.28
42710.78
42879.93
44010.33
44053.72
44375.1
44753.25
45006.5
45049.59
45096.34
45268.84
41553.3
41812.9
42644.46
42644.46
43384.87
43667.42
43997.15
44225.71
44240.26
44422.18
42081.23
42948.79
43094.4
43606.28
44317.93
44320.96
44885.51
45023.42
45043.81
45082.68
43031.06
43093.22
43459.43
44255.95
44329.33
44439.39
44504.85
44844.53
44877.61
45009.11
41487.89
41655.57
42677.49
42953.18
43067.98
43085.14
43599.7
43675.18
43954.32
44056.76
43812.59
44261.54
44519.29
44853.93
45558.41
45568.69
45735.31
45859.53
46099.47
46200.85
43063.35
43548.68
44069.35
44356.63
44504.88
44763.61
44766.16
45026.34
45142.78
45220.16
39856.56
40782.3
41716.0
42290.13
43839.56
43859.3
43878.58
43889.28
44209.62
44209.62
41688.41
41806.48
42337.23
43166.07
43206.31
43223.08
43272.37
43611.48
43830.99
43830.99
42452.36
42672.67
43770.9
43931.42
43995.92
44125.33
44362.56
44583.15
44775.5
44776.43
43388.14
43856.12
44452.48
44484.46
44877.13
45015.07
45281.25
45744.28
45765.02
45798.71
43505.87
43634.09
44226.2
44278.49
45061.55
45162.6
45215.29
45688.33
45689.18
45689.18
44229.17
44608.45
44728.09
45307.45
45844.11
46063.83
46119.34
46360.89
46390.11
46645.49
42737.61
42830.34
44274.08
44480.15
44596.26
45066.33
45082.35
45175.09
45397.58
45403.15
44082.49
44428.53
44632.37
45030.92
45308.16
45890.7
46053.23
46221.69
46253.89
46254.59
41785.67
41904.47
42464.17
43917.87
43945.76
44002.41
44008.24
44160.36
44195.99
44434.66
42312.29
43984.81
44000.03
44040.95
44220.01
44354.92
44487.78
44574.83
44837.9
44987.29
43190.88
43958.37
44249.23
44258.83
44570.82
45026.75
45102.17
45194.63
45286.61
45482.41
43279.84
43470.6
44149.58
45223.17
45399.82
45411.13
45932.22
46010.51
46128.25
46222.59
43906.34
44053.59
44150.11
44683.87
44833.72
45152.65
45334.59
45373.1
45631.44
45734.44
42441.09
42479.7
43598.83
43820.28
45014.91
45022.32
45129.64
45128.85
45132.72
45132.72
40788.17
41472.3
42839.92
43001.89
44204.72
44997.46
44998.05
44998.05
44998.05
44998.05
41873.03
42466.65
43044.57
43150.67
44313.25
44656.54
45173.03
45254.58
45283.1
45311.48
41166.45
41770.1
43251.15
43431.6
44187.62
44406.13
44823.76
44832.07
44832.19
45048.02
40963.66
42466.38
43196.69
43281.22
44467.36
44538.95
44934.73
45237.85
45268.57
45328.62
41914.78
41971.53
43063.69
43390.63
44712.58
45272.38
45387.75
45459.86
45511.37
45511.37
40610.21
41997.63
42075.95
42923.57
44015.78
44500.2
44703.51
44766.86
44913.79
44913.79
42959.72
43281.69
43446.08
44071.07
44523.22
44673.16
44676.43
44768.56
44938.91
44939.5
42175.18
42615.11
43326.59
43864.31
44999.62
45009.83
45152.9
45393.14
45415.71
45463.92
41762.59
41951.18
43114.84
43174.54
44495.73
45170.43
45197.35
45384.79
45487.36
45487.36
42940.49
43957.49
44281.03
44536.51
46209.88
46294.67
46464.39
46469.42
46474.83
46651.54
40848.4
41166.68
42323.51
42530.66
43447.8
43913.96
44387.8
44429.82
44602.89
44629.14
42128.01
42319.29
43151.29
43888.46
45283.95
45486.43
45790.91
45971.47
45993.08
45993.08
43310.69
43786.08
44616.18
44810.97
45064.68
45659.33
45672.15
45674.28
45674.28
45793.09
43311.88
44466.93
44506.44
45185.15
45527.05
45543.67
45545.63
46010.51
46127.14
46133.06
41944.2
42572.25
42940.88
43464.39
43639.3
43742.65
43806.53
44192.08
44283.77
44370.42
43021.48
43125.16
43948.49
43961.74
44314.25
44657.97
44662.42
44662.55
44928.68
45032.56
42209.86
43239.96
43634.41
43785.48
44234.94
44318.79
44534.68
44640.33
44773.38
44788.07
42799.14
43809.77
43847.32
44032.74
44180.77
44486.78
44556.17
44815.02
44833.1
44879.82
42905.83
43134.61
43289.06
43988.32
44241.12
44642.41
44783.48
44865.6
44980.58
45083.72
41967.92
42627.81
43011.14
43251.66
44029.23
44085.66
44269.71
44377.68
44377.68
44377.68
43837.55
44449.28
45020.32
45255.91
45311.18
45897.77
45897.85
45898.42
46310.81
46310.81
44631.34
44753.42
45382.8
45827.93
46672.73
46915.24
47038.86
47040.07
47040.82
47040.82
41435.54
42208.66
43025.02
43097.76
44320.69
44636.4
44850.43
44861.85
44876.75
44991.77
40542.08
40681.57
42094.87
42428.77
43434.4
43439.29
43929.81
44006.2
44063.98
44206.21
41990.42
43164.12
43744.06
43917.73
43952.36
43956.8
44762.48
44771.68
44771.68
44771.68
42535.05
43288.9
44028.44
44224.52
44949.88
45012.15
45276.32
45303.18
45627.39
45758.89
43035.95
43797.99
43977.5
44219.67
44455.39
44836.72
44878.24
45015.29
45078.68
45205.68
42356.95
43588.74
43592.41
44549.54
44560.36
44657.44
44910.22
45143.15
45168.72
45207.65
40407.53
40496.18
41399.6
41857.23
43408.88
43465.22
43540.33
43538.35
43664.47
43853.24
42888.26
43120.39
44064.03
44791.66
45686.58
45759.75
45786.94
46239.21
46335.16
46424.61
44018.59
44044.13
44113.67
44187.4
44607.48
44847.17
45072.28
45112.37
45187.3
45242.57
42996.39
43096.42
44051.21
44125.42
44693.49
45553.2
45569.76
45612.67
45615.26
45673.2
42914.24
43178.61
43582.02
44039.18
44477.52
44509.81
45017.02
45035.15
45121.84
45121.84
40032.68
40247.57
42108.49
42200.53
43567.35
44138.68
44140.98
44157.73
44190.81
44270.05
41781.79
43098.6
43099.5
43186.13
43867.31
43933.99
44177.47
44339.34
44391.92
44469.18
43536.87
44055.73
44207.04
45271.74
45444.92
45520.61
45524.15
45558.05
45859.25
46009.26
