1.8333	0.19	1.0	1
6.2333	0.17	1.4	1
13.0166	0.15	1.3	1
21.8166	0.18	1.1	1
32.4499	0.18	1.0	1
45.0999	0.18	1.1	1
59.9499	0.16	1.2	1
76.4499	0.2	0.9	1
96.4332	0.12	1.9	1
118.7998	0.19	1.3	1
142.8164	0.22	0.9	1
169.2163	0.15	1.3	1
197.81619999999998	0.17	1.2	1
228.24939999999998	0.2	1.0	1
260.33259999999996	0.19	0.9	1
294.79909999999995	0.15	1.3	1
331.8323	0.14	1.4	1
370.6988	0.18	1.0	1
411.032	0.21	0.8	1
454.4819	0.12	1.7	1
499.3985	0.22	0.8	1
546.1484	0.18	1.0	1
596.7483000000001	0.1	2.1	1
649.7315000000001	0.15	1.3	1
704.5480000000001	0.19	1.0	1
761.9312000000001	0.14	1.4	1
821.1477000000001	0.19	1.0	1
881.8309000000002	0.25	0.8	1
944.7141000000001	0.16	1.2	1
1011.6306000000002	0.1	2.2	1
1082.0304	0.12	1.9	1
1154.9969	0.14	1.4	1
1231.2634	0.11	1.8	1
1309.3632	0.19	1.0	1
1389.2963	0.18	1.0	1
1471.0627	0.18	1.0	1
1554.2957999999999	0.25	0.8	1
1639.1788999999999	0.2	0.9	1
1725.8953	0.19	1.0	1
1814.445	0.19	1.0	1
1905.0113999999999	0.18	1.1	1
1997.2278	0.21	0.9	1
2091.4609	0.19	1.1	1
2188.0773	0.15	1.3	1
2286.8937	0.17	1.2	1
2389.1934	0.11	1.9	1
2493.3264	0.19	1.0	1
2601.1261	0.11	2.0	1
2710.3925	0.22	0.8	1
2821.3089	0.22	0.9	1
2934.0586	0.19	1.0	1
3050.475	0.11	2.0	1
3168.7246999999998	0.18	1.0	1
3289.1744	0.15	1.2	1
3411.8241	0.15	1.2	1
3536.8570999999997	0.14	1.3	1
3664.0901	0.17	1.2	1
3794.0731	0.16	1.5	1
3926.0728	0.16	1.1	1
4060.0892	0.21	1.1	1
4195.9389	0.18	1.0	1
4333.9886	0.16	1.2	1
4473.8715999999995	0.19	1.0	1
4615.5878999999995	0.19	1.0	1
4759.1375	0.2	1.0	1
4904.7038	0.21	1.1	1
5051.9201	0.21	0.9	1
5201.1531	0.18	1.1	1
5352.0361	0.21	0.9	1
5504.7524	0.2	1.0	1
5665.1687	0.05	4.2	1
5827.0517	0.21	0.8	1
5991.1347	0.17	1.2	1
6157.0509999999995	0.18	1.0	1
6324.6173	0.2	0.9	1
6494.0169	0.18	1.0	1
6665.2498	0.2	1.0	1
6837.9493999999995	0.22	0.8	1
7012.298999999999	0.2	0.9	1
7188.298599999999	0.21	0.9	1
7366.314899999999	0.19	1.1	1
7545.7979	0.23	0.8	1
7726.930899999999	0.2	0.9	1
7909.530599999999	0.22	0.8	1
8094.146999999999	0.17	1.1	1
8280.4134	0.21	0.9	1
8468.6965	0.17	1.1	1
8658.9963	0.18	1.1	1
8850.7628	0.23	0.8	1
9044.546	0.18	1.1	1
9239.795900000001	0.22	0.8	1
9436.8791	0.19	1.0	1
9636.529	0.16	1.4	1
9838.012200000001	0.2	1.0	1
10041.145400000001	0.19	0.9	1
10245.928600000001	0.23	0.9	1
10452.3618	0.22	0.9	1
10660.261700000001	0.23	0.8	1
10869.994900000002	0.19	1.0	1
11081.561400000002	0.2	1.0	1
11294.594600000002	0.24	0.8	1
11509.461100000002	0.19	1.0	1
11726.344300000002	0.18	1.1	1
11945.244200000003	0.17	1.1	1
12166.710800000003	0.16	1.4	1
12389.827400000002	0.21	0.9	1
12615.327300000003	0.14	1.3	1
12842.293900000002	0.24	0.8	1
13071.277200000002	0.17	1.1	1
13301.910500000002	0.21	0.9	1
13534.377100000002	0.19	1.0	1
13768.860400000001	0.19	1.1	1
14005.360400000001	0.16	1.1	1
14243.877100000002	0.18	1.1	1
14485.510500000002	0.12	1.7	1
14728.977200000003	0.2	1.0	1
14975.743900000003	0.12	1.8	1
15225.077300000003	0.14	1.4	1
15475.877400000003	0.23	0.8	1
15728.877500000002	0.17	1.2	1
15986.094300000002	0.1	2.3	1
16245.327800000003	0.17	1.1	1
16506.211300000003	0.22	0.9	1
16768.561500000003	0.23	0.8	1
17034.945000000003	0.1	2.2	1
17302.795200000004	0.21	0.8	1
17572.662100000005	0.18	1.1	1
17843.995700000007	0.23	0.8	1
18116.979300000006	0.2	0.9	1
18391.796200000008	0.18	1.0	1
18668.62980000001	0.19	1.1	1
18947.66340000001	0.16	1.2	1
19228.713700000008	0.17	1.1	1
19513.79730000001	0.09	2.2	1
19800.53090000001	0.2	0.9	1
20089.28120000001	0.2	1.1	1
20379.86480000001	0.2	1.0	1
20672.46510000001	0.17	1.1	1
20966.89870000001	0.18	1.0	1
21265.182300000008	0.11	2.1	1
21565.849200000008	0.17	1.3	1
21868.349400000006	0.2	1.0	1
22172.866300000005	0.18	1.1	1
22479.399900000004	0.17	1.1	1
22787.950200000003	0.18	1.1	1
23098.150500000003	0.2	0.9	1
23410.184100000002	0.18	1.0	1
23725.884400000003	0.12	2.0	1
24043.418	0.2	1.0	1
24362.6016	0.19	0.9	1
24683.6185	0.19	1.0	1
25006.4687	0.18	1.0	1
25331.335600000002	0.18	1.1	1
25658.0358	0.18	1.0	1
25986.386000000002	0.19	0.9	1
26316.5695	0.19	1.0	1
26650.053	0.13	1.8	1
26985.3698	0.19	1.0	1
27322.3366	0.21	0.9	1
27663.1534	0.11	2.1	1
28007.4535	0.11	1.9	1
28354.5036	0.13	1.5	1
28704.8537	0.11	1.8	1
29057.5871	0.14	1.3	1
29412.520500000002	0.16	1.2	1
29768.9206	0.23	0.8	1
30127.5207	0.16	1.2	1
30487.770800000002	0.21	0.9	1
30850.2209	0.16	1.2	1
31214.5043	0.2	1.0	1
31580.621	0.19	1.0	1
31948.3877	0.22	0.9	1
32319.8211	0.11	2.0	1
32693.0878	0.18	1.0	1
33067.8212	0.22	0.8	1
33444.0213	0.22	0.8	1
33821.6881	0.21	0.8	1
34201.1882	0.19	1.0	1
34582.704999999994	0.17	1.1	1
34965.87179999999	0.22	0.9	1
35350.87189999999	0.2	1.0	1
35737.52199999999	0.2	0.9	1
36126.00539999999	0.2	1.0	1
36516.68879999999	0.16	1.2	1
36909.02219999999	0.19	0.9	1
37303.188899999994	0.17	1.0	1
37699.372299999995	0.2	1.1	1
38098.672399999996	0.13	1.7	1
38500.17249999999	0.15	1.2	1
38905.15589999999	0.12	1.9	1
39311.60599999999	0.23	0.8	1
39721.17279999999	0.13	1.7	1
40134.0396	0.11	1.8	1
40549.1064	0.15	1.2	1
40966.006499999996	0.19	1.0	1
41384.556599999996	0.21	0.9	1
41804.7567	0.22	0.9	1
42227.3401	0.15	1.3	1
42651.940200000005	0.17	1.1	1
43078.55700000001	0.17	1.1	1
43507.557100000005	0.16	1.3	1
43940.957200000004	0.1	2.4	1
44376.55730000001	0.15	1.2	1
44814.17410000001	0.17	1.1	1
45253.25760000001	0.23	0.8	1
45693.991100000014	0.21	0.9	1
46136.557900000014	0.19	1.0	1
46580.95800000001	0.18	1.0	1
47026.82480000002	0.23	0.8	1
47474.341600000014	0.21	0.9	1
47923.69170000002	0.18	1.0	1
48374.87510000002	0.18	1.0	1
48828.62520000002	0.17	1.4	1
49284.025300000016	0.19	0.9	1
49741.25870000001	0.2	1.0	1
50201.425400000015	0.12	1.6	1
50665.25880000002	0.12	2.0	1
51132.02550000002	0.13	1.6	1
51600.80890000002	0.17	1.1	1
52071.42560000002	0.19	1.0	1
52543.69230000002	0.23	0.9	1
53017.97570000002	0.18	1.1	1
53494.459100000015	0.17	1.2	1
53974.05920000002	0.12	1.7	1
54456.95930000002	0.13	1.8	1
54941.692700000014	0.19	1.0	1
55428.626100000016	0.16	1.2	1
55917.20950000002	0.23	0.9	1
56407.62620000002	0.2	1.0	1
56899.692900000024	0.22	0.9	1
57393.40960000002	0.2	0.9	1
57888.59300000002	0.24	0.8	1
58385.426400000026	0.19	0.9	1
58883.726500000026	0.23	0.8	1
59384.59330000003	0.16	1.4	1
59888.02680000003	0.13	1.4	1
60392.927000000025	0.23	0.8	1
60899.66050000003	0.18	1.0	1
61408.04400000003	0.21	0.9	1
61918.81080000003	0.14	1.3	1
62431.04430000003	0.23	0.8	1
62946.39450000003	0.12	1.7	1
63463.94470000003	0.16	1.2	1
63983.51160000003	0.17	1.1	1
64506.92850000002	0.11	2.1	1
65032.545400000025	0.15	1.2	1
65560.91230000003	0.13	1.5	1
66091.47920000003	0.17	1.2	1
66623.51280000003	0.23	0.8	1
67157.37970000002	0.18	1.0	1
67692.71330000002	0.24	0.8	1
68230.43020000002	0.15	1.3	1
68769.79710000001	0.19	0.9	1
69312.464	0.13	1.8	1
69857.5142	0.16	1.3	1
70404.21440000001	0.19	0.9	1
70953.11460000002	0.16	1.2	1
71505.68150000002	0.1	2.0	1
72059.89840000002	0.21	0.9	1
72616.49860000002	0.15	1.3	1
73175.29880000002	0.15	1.2	1
73737.21570000002	0.14	1.7	1
74301.51590000001	0.15	1.3	1
74867.64940000001	0.2	1.0	1
75435.6162	0.2	1.0	1
76005.5997	0.17	1.1	1
76577.4165	0.18	1.0	1
77151.25	0.17	1.1	1
77726.7335	0.21	0.9	1
78304.2337	0.17	1.1	1
78883.56719999999	0.19	1.0	1
79465.28399999999	0.14	1.3	1
80048.83409999998	0.2	1.0	1
80634.21749999998	0.18	1.0	1
81223.08419999998	0.1	1.9	1
81814.51759999998	0.13	1.4	1
82407.78429999997	0.2	1.0	1
83002.88429999998	0.19	1.0	1
83601.10099999998	0.12	1.7	1
84200.96769999998	0.21	0.9	1
84802.66769999998	0.18	1.0	1
85408.21769999998	0.11	2.1	1
86017.61769999997	0.11	2.1	1
86628.66769999998	0.19	0.9	1
87241.55099999998	0.18	1.0	1
87856.26759999998	0.19	1.0	1
88473.91749999998	0.13	1.6	1
89093.58409999998	0.17	1.1	1
89715.45069999997	0.15	1.2	1
90339.15059999998	0.18	1.0	1
90965.05049999998	0.16	1.2	1
91592.96709999998	0.17	1.1	1
92222.90039999998	0.16	1.1	1
92856.13369999999	0.13	1.8	1
93493.21699999999	0.11	2.1	1
94132.317	0.17	1.1	1
94772.88369999999	0.24	0.8	1
95415.1004	0.2	0.9	1
96059.3338	0.16	1.1	1
96707.0505	0.12	1.9	1
97356.6005	0.21	1.0	1
98007.9838	0.18	1.0	1
98662.4838	0.12	1.7	1
99319.0005	0.17	1.1	1
99977.1672	0.21	0.9	1
100637.5339	0.16	1.2	1
101299.9173	0.17	1.1	1
101964.3174	0.2	1.1	1
102630.3675	0.2	0.9	1
103298.6176	0.16	1.2	1
103969.0677	0.16	1.2	1
104642.8178	0.13	1.8	1
105318.40120000001	0.18	1.0	1
105996.0013	0.17	1.1	1
106675.25140000001	0.19	0.9	1
107353.5182	0.18	1.1	1
108033.80170000001	0.19	1.1	1
108716.10190000001	0.21	1.1	1
109400.2354	0.2	1.0	1
110086.01890000001	0.19	0.9	1
110773.2691	0.24	0.8	1
111462.53600000001	0.17	1.1	1
112153.63620000001	0.17	1.0	1
112846.20310000001	0.24	0.8	1
113540.97000000002	0.18	1.2	1
114237.38690000001	0.22	0.9	1
114936.18710000001	0.15	1.3	1
115636.63730000002	0.22	0.9	1
116338.73750000002	0.21	0.9	1
117043.03770000002	0.17	1.2	1
117749.90460000001	0.15	1.4	1
118458.42150000001	0.2	0.9	1
119168.77170000001	0.18	1.0	1
119880.95520000001	0.21	1.0	1
120594.7887	0.22	0.9	1
121310.6389	0.18	1.1	1
122028.5058	0.19	1.1	1
122748.3894	0.16	1.1	1
123470.1063	0.21	1.0	1
124194.0232	0.21	1.2	1
124919.4068	0.23	0.8	1
125646.9904	0.18	1.2	1
126376.40729999999	0.19	1.0	1
127108.75749999999	0.16	1.6	1
127842.94099999999	0.19	1.0	1
128578.77449999998	0.21	0.9	1
129316.07469999998	0.24	0.8	1
130055.20819999998	0.19	1.0	1
130796.35839999998	0.19	1.1	1
131539.34189999997	0.18	1.0	1
132284.15869999997	0.2	1.0	1
133030.62549999997	0.21	0.9	1
133778.74229999995	0.21	0.9	1
134528.69239999994	0.21	1.0	1
135280.47579999993	0.18	1.0	1
136034.27589999992	0.18	1.1	1
136789.9092999999	0.18	1.0	1
137547.74269999992	0.16	1.2	1
138307.0427999999	0.25	0.8	1
139068.1761999999	0.19	1.0	1
139831.5095999999	0.19	1.2	1
140596.4929999999	0.23	0.9	1
141363.4930999999	0.2	1.1	1
142132.3264999999	0.21	1.0	1
142902.8098999999	0.2	0.9	1
143675.1265999999	0.19	1.0	1
144449.2765999999	0.19	1.0	1
145224.8932999999	0.25	0.8	1
146002.7099999999	0.17	1.2	1
146782.7266999999	0.17	1.2	1
147565.49339999992	0.17	1.5	1
148350.2767999999	0.2	1.1	1
149136.89349999992	0.21	1.0	1
149925.5268999999	0.18	1.1	1
150715.9935999999	0.18	1.0	1
151508.2935999999	0.18	1.0	1
152302.61029999988	0.19	1.1	1
153098.57699999987	0.2	0.9	1
153896.92699999988	0.15	1.3	1
154697.2936999999	0.19	1.1	1
155499.3103999999	0.2	0.9	1
156302.9770999999	0.2	0.9	1
157108.2937999999	0.21	0.9	1
157915.4437999999	0.19	1.0	1
158724.7937999999	0.16	1.2	1
159535.9770999999	0.19	1.0	1
160349.3603999999	0.19	1.2	1
161164.76039999988	0.19	1.1	1
161981.6270999999	0.23	0.8	1
162801.2437999999	0.14	1.5	1
163622.69379999992	0.21	1.0	1
164445.61049999992	0.21	0.8	1
165270.54389999993	0.17	1.1	1
166097.31059999994	0.19	1.0	1
166926.09399999992	0.18	1.1	1
167756.52739999993	0.22	0.9	1
168589.16079999993	0.16	1.2	1
169423.99419999993	0.15	1.2	1
170260.66089999993	0.2	1.0	1
171098.97759999993	0.23	0.9	1
171939.12759999992	0.22	1.0	1
172781.29429999992	0.17	1.1	1
173625.47769999993	0.18	1.1	1
174471.67779999992	0.18	1.1	1
175319.52789999993	0.21	0.9	1
176169.02799999993	0.21	0.9	1
177020.91139999992	0.17	1.3	1
177874.4447999999	0.22	0.9	1
178729.62819999992	0.19	0.9	1
179586.27829999992	0.22	0.8	1
180444.76169999992	0.19	1.0	1
181305.0783999999	0.21	1.0	1
182167.4117999999	0.19	1.1	1
183031.3951999999	0.21	0.9	1
183897.2118999999	0.2	1.0	1
184764.8618999999	0.2	1.0	1
185633.97859999991	0.23	0.8	1
186505.47859999991	0.15	1.3	1
187378.99529999992	0.23	1.1	1
188254.34529999993	0.2	1.0	1
189131.71199999994	0.19	1.1	1
190010.91199999995	0.18	1.0	1
190891.76199999996	0.21	0.9	1
191774.99529999995	0.15	1.3	1
192660.42859999996	0.17	1.2	1
193547.69519999996	0.21	1.0	1
194436.97849999997	0.2	1.1	1
195327.91179999997	0.23	0.9	1
196220.49509999997	0.22	0.9	1
197115.09509999998	0.17	1.1	1
198011.34509999998	0.21	0.9	1
198909.06179999997	0.21	0.8	1
199808.61179999996	0.21	1.0	1
200710.54509999996	0.17	1.3	1
201614.67839999995	0.17	1.2	1
202521.01169999994	0.16	1.2	1
203429.36169999995	0.19	1.1	1
204339.17839999995	0.23	0.8	1
205250.82839999994	0.19	1.0	1
206165.22839999993	0.13	1.5	1
207081.64509999994	0.18	1.1	1
208000.07849999995	0.16	1.1	1
208920.52859999993	0.18	1.1	1
209842.99539999993	0.18	1.1	1
210767.47889999993	0.19	1.1	1
211693.97909999994	0.18	1.1	1
212623.04599999994	0.16	1.4	1
213555.04619999995	0.14	1.6	1
214488.87969999996	0.21	1.0	1
215424.72989999995	0.18	1.1	1
216362.04679999995	0.24	0.8	1
217301.01369999995	0.22	0.9	1
218241.63059999995	0.22	0.9	1
219183.89749999993	0.23	0.9	1
220127.99769999992	0.21	1.0	1
221074.29789999992	0.16	1.2	1
222022.79809999993	0.2	1.2	1
222973.31499999992	0.18	1.1	1
223925.8485999999	0.18	1.1	1
224880.58219999992	0.16	1.2	1
225837.33249999993	0.17	1.1	1
226795.91609999994	0.22	1.0	1
227756.33299999996	0.18	1.0	1
228718.58319999996	0.19	1.0	1
229683.03339999996	0.16	1.2	1
230649.50029999996	0.18	1.1	1
231618.71719999996	0.14	1.5	1
232589.95079999996	0.17	1.1	1
233563.20109999998	0.18	1.1	1
234538.10139999999	0.21	0.9	1
235514.835	0.2	1.0	1
236493.76859999998	0.16	1.2	1
237475.0855	0.15	1.3	1
238458.4191	0.17	1.1	1
239443.586	0.19	1.0	1
240430.9529	0.17	1.2	1
241420.8865	0.15	1.4	1
242412.65339999998	0.19	1.0	1
243406.80359999998	0.15	1.3	1
244402.60379999998	0.21	0.9	1
245400.23729999998	0.21	1.0	1
246400.0708	0.18	1.2	1
247401.92099999997	0.18	1.1	1
248405.6045	0.2	1.0	1
249411.1213	0.19	1.0	1
250419.0214	0.17	1.3	1
251428.5715	0.21	0.9	1
252440.1383	0.18	1.1	1
253454.2718	0.13	1.4	1
254470.7886	0.15	1.3	1
255488.9554	0.21	0.9	1
256508.7722	0.21	0.9	1
257530.239	0.2	0.9	1
258553.9058	0.17	1.2	1
259580.1393	0.16	1.4	1
260608.38950000002	0.17	1.1	1
261638.6564	0.2	1.1	1
262670.94	0.18	1.1	1
263705.0569	0.21	1.0	1
264741.00710000005	0.2	1.0	1
265778.79060000007	0.18	1.0	1
266818.77410000004	0.19	1.2	1
267860.5909	0.19	1.0	1
268904.791	0.15	1.3	1
269950.82440000004	0.23	1.0	1
270999.05780000007	0.17	1.2	1
272048.94120000006	0.21	0.9	1
273100.8413000001	0.18	1.1	1
274155.3081000001	0.15	1.4	1
275211.4249000001	0.2	0.9	1
276269.1917000001	0.2	0.9	1
277329.3418000001	0.15	1.3	1
278391.1419000001	0.21	0.9	1
279454.7753000001	0.21	1.0	1
280520.2420000001	0.21	1.0	1
281587.5420000001	0.21	1.0	1
282656.8587000001	0.19	1.1	1
283728.3754000001	0.16	1.2	1
284801.72540000005	0.21	1.0	1
285877.09210000007	0.2	1.1	1
286954.84210000007	0.16	1.3	1
288034.05880000006	0.24	0.8	1
289115.2922000001	0.18	1.1	1
290198.5423000001	0.17	1.1	1
291283.9924000001	0.15	1.2	1
292371.4592000001	0.2	1.1	1
293460.5760000001	0.2	0.9	1
294551.52610000013	0.2	1.0	1
295644.30950000015	0.19	1.0	1
296739.2929000002	0.18	1.2	1
297835.92630000017	0.21	0.9	1
298934.5764000002	0.17	1.1	1
300035.4265000002	0.17	1.2	1
301138.2933000002	0.18	1.1	1
302243.36010000017	0.16	1.2	1
303350.4436000002	0.18	1.1	1
304459.7271000002	0.17	1.2	1
305570.8439000002	0.19	1.0	1
306683.9774000002	0.17	1.1	1
307799.6776000002	0.16	1.4	1
308917.0278000002	0.2	0.9	1
310036.2113000002	0.19	1.0	1
311157.5948000002	0.18	1.2	1
312280.99500000017	0.18	1.1	1
313406.04520000017	0.2	0.9	1
314532.92870000016	0.2	1.0	1
315662.0122000002	0.18	1.2	1
316792.74570000015	0.23	0.9	1
317925.12920000014	0.2	0.9	1
319059.71270000015	0.17	1.2	1
320195.9462000001	0.23	0.9	1
321334.3797000001	0.17	1.2	1
322475.1965000001	0.15	1.3	1
323617.6633000001	0.23	0.9	1
324762.3301000001	0.18	1.2	1
325909.01360000006	0.19	1.1	1
327057.53040000005	0.2	1.0	1
328207.69720000005	0.21	0.9	1
329359.88070000004	0.18	1.1	1
330514.26420000003	0.16	1.2	1
331670.481	0.19	1.0	1
332828.34780000005	0.2	0.9	1
333988.4146	0.16	1.2	1
335150.86470000003	0.15	1.3	1
336315.14810000005	0.2	1.0	1
337481.81480000005	0.15	1.3	1
338650.31480000005	0.21	1.0	1
339821.19810000004	0.16	1.3	1
340994.09810000006	0.16	1.1	1
342168.8314000001	0.18	1.0	1
343346.1314000001	0.14	1.4	1
344525.26470000006	0.2	1.0	1
345706.4147000001	0.17	1.1	1
346889.3980000001	0.2	1.0	1
348074.0313000001	0.23	0.9	1
349260.3146000001	0.2	0.9	1
350448.4312000001	0.2	1.0	1
351638.3811000001	0.21	1.0	1
352829.9810000001	0.23	0.9	1
354023.5976000001	0.17	1.1	1
355219.0475000001	0.2	1.0	1
356416.5141000001	0.19	1.1	1
357615.9974000001	0.19	1.1	1
358818.23070000013	0.15	1.5	1
360022.29730000015	0.19	1.0	1
361228.19720000017	0.18	1.0	1
362435.74710000015	0.2	0.9	1
363645.3137000002	0.16	1.1	1
364856.8970000002	0.18	1.1	1
366070.49700000015	0.2	1.1	1
367285.9303000001	0.19	1.0	1
368503.1969000001	0.2	1.0	1
369722.8468000001	0.16	1.3	1
370944.6967000001	0.16	1.2	1
372168.7466000001	0.17	1.2	1
373394.62980000005	0.17	1.0	1
374622.71300000005	0.17	1.2	1
375853.1795	0.17	1.3	1
377085.846	0.17	1.2	1
378320.3458	0.2	1.0	1
379556.6789	0.18	1.0	1
380794.662	0.21	0.9	1
382034.6618	0.18	1.1	1
383276.6783	0.18	1.1	1
384520.71150000003	0.19	1.1	1
385767.128	0.16	1.3	1
387015.3778	0.18	1.0	1
388266.19430000003	0.13	1.4	1
389519.39410000003	0.15	1.3	1
390774.0606	0.24	0.8	1
392030.92710000003	0.16	1.2	1
393290.1769	0.17	1.3	1
394551.07670000003	0.22	0.9	1
395813.9932	0.17	1.1	1
397078.92640000005	0.18	1.1	1
398345.6929000001	0.2	1.0	1
399614.4761000001	0.17	1.1	1
400885.6426000001	0.17	1.3	1
402159.0091000001	0.18	1.2	1
403434.0256000001	0.22	0.9	1
404710.6921000001	0.2	0.9	1
405989.0086000001	0.2	0.9	1
407268.9751000001	0.21	0.9	1
408550.4083000001	0.25	0.8	1
409833.67480000015	0.19	1.0	1
411118.95800000016	0.19	1.1	1
412405.8912000002	0.21	0.9	1
413694.6577000002	0.2	1.0	1
414985.8075000002	0.17	1.3	1
416278.9740000002	0.19	1.1	1
417573.79050000024	0.21	0.9	1
418870.80700000026	0.17	1.2	1
420170.02350000024	0.16	1.2	1
421471.44000000024	0.16	1.2	1
422774.3232000002	0.24	0.8	1
424079.7731000002	0.14	1.4	1
425386.8730000002	0.2	0.9	1
426695.8062000002	0.2	1.0	1
428006.75610000023	0.18	1.1	1
429319.7227000002	0.16	1.1	1
430634.5226000002	0.2	1.0	1
431950.9725000002	0.22	0.9	1
433269.4391000002	0.17	1.1	1
434589.7390000002	0.19	1.0	1
435911.87220000016	0.19	1.0	1
437235.83870000014	0.19	1.0	1
438562.5552000001	0.13	1.5	1
439891.1050000001	0.19	1.0	1
441221.6715000001	0.18	1.1	1
442554.0713000001	0.19	1.0	1
443888.67110000015	0.17	1.2	1
445225.65420000016	0.17	1.3	1
446564.28730000014	0.21	0.9	1
447905.30370000016	0.17	1.3	1
449248.33680000016	0.18	1.1	1
450592.83660000016	0.23	0.8	1
451938.98640000017	0.22	0.9	1
453287.51950000017	0.15	1.3	1
454637.7026000002	0.23	0.9	1
455989.7190000002	0.21	1.0	1
457343.7521000002	0.18	1.1	1
458699.8019000002	0.18	1.1	1
460057.6850000002	0.19	1.0	1
461417.2181000002	0.21	0.9	1
462778.9512000002	0.17	1.2	1
464142.5176000002	0.18	1.0	1
465507.7340000002	0.24	0.9	1
466875.15040000016	0.15	1.2	1
468244.95010000013	0.16	1.3	1
469616.76650000014	0.19	1.1	1
470990.78290000017	0.17	1.2	1
472366.44930000015	0.2	0.9	1
473744.1324000002	0.18	1.1	1
475123.8322000002	0.17	1.1	1
476505.54870000016	0.19	1.1	1
477889.09850000014	0.2	1.0	1
479274.4816000001	0.22	1.0	1
480661.5147000001	0.21	0.9	1
482050.9311000001	0.15	1.3	1
483442.7308000001	0.16	1.3	1
484836.9138000001	0.15	1.3	1
486233.1135000001	0.2	1.1	1
487631.1465000001	0.19	1.0	1
489031.0128000001	0.19	1.0	1
490432.7124000001	0.2	1.0	1
491836.0620000001	0.22	0.9	1
493241.2449000001	0.23	1.0	1
494648.2611000001	0.19	1.0	1
496056.7440000001	0.24	0.8	1
497467.2436000001	0.18	1.1	1
498880.12650000013	0.16	1.3	1
500294.84270000015	0.19	1.0	1
501711.75890000013	0.17	1.2	1
503131.05840000015	0.14	1.3	1
504552.37460000016	0.17	1.1	1
505975.52410000016	0.19	1.0	1
507400.87360000017	0.17	1.2	1
508827.68980000017	0.25	0.8	1
510256.1560000002	0.25	0.9	1
511686.2722000002	0.22	0.9	1
513118.0384000002	0.21	0.9	1
514551.8213000002	0.2	1.1	1
515987.4375000002	0.2	1.0	1
517425.0704000002	0.18	1.1	1
518865.0866000002	0.15	1.3	1
520307.1195000002	0.17	1.1	1
521751.16910000023	0.18	1.1	1
523196.05200000026	0.2	1.0	1
524642.7682000003	0.19	1.0	1
526091.1344000003	0.21	0.9	1
527541.7006000003	0.16	1.2	1
528994.1001000004	0.2	1.0	1
530447.9663000004	0.24	0.8	1
531903.4825000004	0.2	0.9	1
533360.4654000003	0.26	0.8	1
534819.0983000003	0.21	0.9	1
536279.7479000003	0.18	1.1	1
537742.4142000003	0.18	1.1	1
539207.0972000003	0.19	1.1	1
540673.6135000003	0.19	1.0	1
542141.7798000004	0.2	0.9	1
543611.9628000003	0.17	1.1	1
545083.6125000003	0.22	0.8	1
546557.0955000003	0.17	1.0	1
548032.5952000003	0.18	1.1	1
549509.9282000003	0.2	1.0	1
550989.0945000004	0.19	1.0	1
552469.7275000004	0.22	0.8	1
553952.1938000004	0.2	1.0	1
555436.8601000004	0.16	1.2	1
556923.7264000004	0.16	1.2	1
558412.7927000003	0.15	1.2	1
559904.4257000004	0.15	1.4	1
561397.7087000004	0.22	0.9	1
562893.0084000004	0.18	1.1	1
564390.1414000004	0.19	1.0	1
565888.9244000005	0.19	0.9	1
567389.7241000005	0.17	1.1	1
568892.1738000005	0.19	0.9	1
570396.8235000004	0.17	1.2	1
571903.3065000004	0.2	1.0	1
573411.9895000004	0.16	1.2	1
574922.3225000004	0.21	0.9	1
576434.6722000004	0.17	1.1	1
577948.8552000003	0.18	1.0	1
579464.6882000003	0.23	0.9	1
580982.7212000004	0.16	1.2	1
582502.7709000004	0.19	1.1	1
584024.6539000004	0.2	1.0	1
585548.3702000004	0.18	1.0	1
587073.9198000004	0.2	1.0	1
588601.3027000003	0.18	1.0	1
590130.5189000004	0.18	1.0	1
591661.5684000003	0.2	1.0	1
593194.8179000004	0.16	1.2	1
594730.0841000003	0.17	1.1	1
596267.1836000003	0.19	1.0	1
597806.2998000004	0.18	1.1	1
599347.0660000003	0.22	0.9	1
600889.2989000003	0.25	0.8	1
602433.5485000003	0.18	1.1	1
603979.4481000003	0.2	0.9	1
605527.5477000002	0.15	1.2	1
607077.2973000002	0.21	0.9	1
608629.2469000003	0.17	1.2	1
610182.8465000002	0.2	0.9	1
611738.0961000002	0.22	0.9	1
613295.1790000002	0.2	1.0	1
614853.9119000002	0.21	0.9	1
616414.4781000002	0.19	1.0	1
617976.6943000002	0.23	0.9	1
619540.7438000002	0.19	1.0	1
621107.3600000002	0.15	1.4	1
622676.1762000002	0.17	1.2	1
624246.8257000003	0.17	1.0	1
625820.0419000003	0.14	1.4	1
627395.2748000002	0.19	1.1	1
628972.1577000002	0.24	0.9	1
630551.0573000002	0.18	1.1	1
632132.1569000002	0.16	1.2	1
633715.2732000002	0.19	1.1	1
635300.4062000002	0.19	1.1	1
636887.3725000002	0.19	1.0	1
638476.5388000002	0.17	1.2	1
640067.7218000002	0.18	1.1	1
641660.7381000002	0.2	1.0	1
643255.7711000002	0.18	1.1	1
644852.8208000002	0.18	1.1	1
646451.8872000002	0.17	1.1	1
648052.9703000003	0.16	1.1	1
649655.7034000002	0.2	0.9	1
651260.4532000002	0.19	1.1	1
652867.2197000002	0.21	1.1	1
654476.0029000002	0.17	1.1	1
656086.8028000002	0.18	1.1	1
657699.4360000002	0.2	1.0	1
659313.7192000002	0.2	0.9	1
660929.6524000001	0.22	0.9	1
662547.9689000001	0.15	1.3	1
664168.3021000001	0.18	1.1	1
665790.2853000001	0.22	0.9	1
667414.1018000001	0.19	1.0	1
669039.935	0.17	1.1	1
670667.7849000001	0.17	1.1	1
672297.6515	0.17	1.1	1
673929.5348	0.17	1.1	1
675563.4348	0.17	1.1	1
677199.1681	0.19	1.0	1
678837.2847	0.14	1.3	1
680477.2346	0.19	1.0	1
682119.0177999999	0.18	1.0	1
683762.6342999999	0.18	1.0	1
685407.7174999999	0.23	0.8	1
687055.0006999999	0.16	1.2	1
688704.1171999999	0.18	1.0	1
690354.7003999999	0.23	0.8	1
692007.3002999999	0.19	1.1	1
693661.3668999999	0.21	0.8	1
695317.4502	0.17	1.1	1
696975.7335	0.17	1.2	1
698635.8500999999	0.19	1.0	1
700297.9833999999	0.17	1.1	1
701961.95	0.2	1.0	1
703627.7498999999	0.19	1.0	1
705295.0164999999	0.26	0.8	1
706963.9330999999	0.2	0.9	1
708635.9663999999	0.14	1.7	1
710310.1996999999	0.17	1.2	1
711986.4496999999	0.17	1.1	1
713664.5329999999	0.19	1.0	1
715344.2662999999	0.21	0.9	1
717025.4662999999	0.25	0.8	1
718708.6829999998	0.18	1.1	1
720393.3663999998	0.25	0.8	1
722080.0664999998	0.18	1.1	1
723768.7832999999	0.18	1.1	1
725459.3333999999	0.2	1.0	1
727151.9001999999	0.2	1.1	1
728846.8502999999	0.14	1.3	1
730543.8171	0.19	1.1	1
732243.3506	0.12	1.4	1
733944.7174	0.19	1.0	1
735648.1009	0.18	1.1	1
737353.5011	0.18	1.1	1
739060.918	0.19	1.1	1
740770.1682	0.18	1.0	1
742481.0684	0.25	0.9	1
744193.8019	0.17	1.0	1
745908.9186999999	0.16	1.3	1
747625.8687999999	0.19	1.0	1
749344.8356	0.18	1.1	1
751065.4524	0.21	0.9	1
752787.7191999999	0.22	0.9	1
754512.0027	0.18	1.1	1
756238.3029	0.18	1.1	1
757966.4364	0.2	1.0	1
759696.7699	0.17	1.2	1
761429.4867	0.15	1.3	1
763164.0368	0.2	1.0	1
764900.7869	0.17	1.2	1
766639.3703	0.18	1.0	1
768380.1536999999	0.17	1.2	1
770122.9537999999	0.17	1.1	1
771867.2205999999	0.23	0.8	1
773613.1373999999	0.23	0.9	1
775361.0708999999	0.18	1.1	1
777110.4711	0.24	0.8	1
778861.8879999999	0.18	1.1	1
780614.7715999999	0.22	0.8	1
782369.4884999999	0.19	1.0	1
784125.8553999999	0.21	0.9	1
785884.2389999998	0.22	1.1	1
787644.0892999999	0.22	0.8	1
789405.7728999999	0.17	1.0	1
791169.1064999999	0.2	0.9	1
792933.9067999999	0.23	0.8	1
794700.7237999999	0.18	1.1	1
796469.3740999999	0.21	1.0	1
798240.0410999999	0.18	1.1	1
800012.5413999999	0.19	1.0	1
801787.0583999999	0.17	1.1	1
803563.7753999998	0.16	1.2	1
805342.6923999998	0.17	1.2	1
807123.6260999999	0.19	1.1	1
808906.2097999998	0.19	0.9	1
810690.4434999998	0.21	0.9	1
812476.3271999998	0.21	0.9	1
814263.8608999999	0.22	0.9	1
816053.2278999998	0.2	1.0	1
817844.2448999998	0.2	0.9	1
819637.0951999999	0.2	1.0	1
821431.5954999998	0.22	0.9	1
823228.2957999998	0.16	1.2	1
825027.0127999998	0.18	1.1	1
826827.3797999998	0.21	0.9	1
828629.3967999998	0.22	0.9	1
830433.6137999997	0.16	1.2	1
832239.4807999997	0.21	0.9	1
834046.9977999997	0.23	0.9	1
835856.7147999996	0.17	1.2	1
837668.8150999997	0.19	1.3	1
839482.5653999996	0.21	0.9	1
841298.3323999996	0.18	1.1	1
843115.9326999997	0.19	1.0	1
844935.9162999997	0.16	1.3	1
846758.0998999997	0.18	1.2	1
848582.4834999996	0.17	1.2	1
850408.7003999996	0.19	1.0	1
852236.3839999996	0.22	0.8	1
854066.2675999996	0.15	1.2	1
855897.6178999996	0.24	0.8	1
857730.8014999996	0.23	1.0	1
859565.6350999996	0.21	0.9	1
861402.1186999996	0.21	0.9	1
863240.0689999997	0.22	0.8	1
865080.0359999996	0.18	1.1	1
866921.4696999997	0.21	0.8	1
868764.3700999997	0.23	0.8	1
870609.2871999997	0.19	1.1	1
872456.2209999997	0.17	1.1	1
874305.1714999997	0.17	1.1	1
876155.7719999996	0.24	0.9	1
878008.2057999996	0.2	1.0	1
879862.6562999997	0.18	1.1	1
881719.3067999997	0.17	1.2	1
883577.9739999997	0.18	1.1	1
885438.2911999997	0.24	0.9	1
887300.2583999997	0.21	0.9	1
889164.0588999997	0.19	1.0	1
891030.4260999997	0.13	1.4	1
892898.4432999997	0.22	0.9	1
894767.9271999997	0.24	0.8	1
896639.2443999997	0.19	1.0	1
898512.3948999997	0.21	1.0	1
900387.5620999997	0.16	1.1	1
902264.5625999997	0.18	1.0	1
904143.2130999997	0.22	0.9	1
906023.8802999997	0.16	1.1	1
907906.5641999997	0.19	1.1	1
909790.7147999997	0.23	0.8	1
911677.0653999997	0.17	1.2	1
913565.0659999998	0.2	0.9	1
915454.8998999997	0.19	1.0	1
917346.2004999997	0.24	0.8	1
919239.3343999997	0.2	1.0	1
921134.1182999997	0.23	0.9	1
923030.7354999997	0.19	1.0	1
924929.3693999997	0.18	1.1	1
926831.1199999998	0.13	1.7	1
928734.8872999997	0.17	1.1	1
930640.6712999997	0.16	1.1	1
932547.9219999997	0.26	0.8	1
934457.3726999997	0.18	1.2	1
936368.6566999997	0.17	1.0	1
938281.4073999997	0.23	0.8	1
940196.5413999996	0.15	1.3	1
942113.5086999997	0.2	1.0	1
944032.8592999997	0.17	1.3	1
945954.0431999996	0.18	1.0	1
947876.8770999996	0.23	0.9	1
949801.1776999995	0.24	0.8	1
951727.3115999995	0.18	1.0	1
953655.4621999996	0.18	1.1	1
955585.2627999996	0.22	0.9	1
957517.4466999995	0.15	1.3	1
959451.2805999995	0.2	0.9	1
961387.3144999995	0.18	1.2	1
963325.5483999995	0.17	1.2	1
965265.6155999996	0.19	1.0	1
967207.6994999995	0.16	1.1	1
969151.6166999995	0.19	1.0	1
971097.7338999995	0.16	1.2	1
973045.8677999995	0.17	1.1	1
974996.0183999996	0.17	1.1	1
976948.5522999996	0.16	1.3	1
978902.7361999996	0.2	0.9	1
980858.9367999996	0.17	1.1	1
982817.1540999996	0.18	1.1	1
984777.0213999996	0.19	0.9	1
986739.0886999996	0.17	1.2	1
988703.7226999996	0.14	1.4	1
990670.9233999996	0.14	1.4	1
992640.1407999996	0.18	1.1	1
994611.5581999996	0.16	1.2	1
996584.6255999997	0.18	0.9	1
998559.3429999996	0.23	0.9	1
1000536.0770999996	0.18	1.1	1
1002514.4611999997	0.21	0.9	1
1004494.3119999997	0.22	0.8	1
1006476.3627999997	0.15	1.2	1
1008460.2468999997	0.2	1.0	1
1010445.9642999996	0.21	1.0	1
1012433.8816999997	0.17	1.2	1
1014423.6323999997	0.19	1.0	1
1016415.0330999997	0.2	0.9	1
1018408.6337999996	0.19	1.2	1
1020403.8844999996	0.23	0.9	1
1022401.5184999995	0.18	1.3	1
1024400.8024999995	0.2	0.9	1
1026401.9197999996	0.2	1.0	1
1028404.5037999996	0.24	0.8	1
1030408.7377999997	0.21	0.9	1
1032415.1717999997	0.16	1.2	1
1034423.0724999997	0.23	0.8	1
1036432.9898999997	0.16	1.1	1
1038445.1072999997	0.17	1.2	1
1040458.6913999997	0.24	0.8	1
1042473.9254999997	0.19	0.9	1
1044490.9928999997	0.18	1.0	1
1046510.4435999998	0.16	1.3	1
1048531.9109999997	0.19	1.1	1
1050556.3116999997	0.13	1.6	1
1052583.0956999997	0.15	1.3	1
1054611.5296999996	0.19	0.9	1
1056642.1636999997	0.17	1.2	1
1058674.4476999997	0.23	0.9	1
1060708.9316999996	0.15	1.2	1
1062744.8823999995	0.22	0.8	1
1064783.3997999995	0.14	1.4	1
1066823.3838999995	0.22	0.8	1
1068865.2012999996	0.2	1.0	1
1070908.6686999996	0.21	0.9	1
1072954.1527999996	0.19	1.1	1
1075002.0201999997	0.15	1.3	1
1077051.9042999996	0.19	1.1	1
1079103.4383999996	0.19	0.9	1
1081156.8057999997	0.19	1.0	1
1083212.0064999997	0.2	1.0	1
1085268.6738999996	0.23	0.8	1
1087327.5412999997	0.17	1.2	1
1089388.2419999996	0.18	1.0	1
1091450.5926999997	0.24	0.9	1
1093514.5933999997	0.2	0.9	1
1095580.7940999996	0.19	1.2	1
1097649.0114999996	0.17	1.1	1
1099718.6955999995	0.25	0.8	1
1101790.9463999995	0.17	1.4	1
1103864.8471999995	0.21	0.9	1
1105940.7646999995	0.17	1.1	1
1108018.8821999994	0.18	1.2	1
1110099.5663999994	0.15	1.4	1
1112182.0838999995	0.19	1.0	1
1114267.1680999994	0.14	1.4	1
1116354.2689999994	0.16	1.1	1
1118443.3865999994	0.18	1.1	1
1120534.7041999993	0.18	1.2	1
1122628.2217999992	0.16	1.2	1
1124723.7560999992	0.19	1.1	1
1126820.9403999993	0.21	0.9	1
1128920.1413999991	0.18	1.1	1
1131020.8090999993	0.25	0.8	1
1133123.4934999992	0.17	1.1	1
1135228.0111999991	0.18	1.0	1
1137334.3621999992	0.19	1.0	1
1139442.9131999991	0.16	1.2	1
1141553.664199999	0.17	1.2	1
1143665.881899999	0.24	0.8	1
1145779.749599999	0.22	0.9	1
1147895.817299999	0.16	1.2	1
1150013.534999999	0.2	0.9	1
1152132.902699999	0.22	0.9	1
1154254.2870999991	0.17	1.1	1
1156378.054799999	0.15	1.3	1
1158504.022499999	0.16	1.2	1
1160631.456899999	0.26	0.8	1
1162761.091299999	0.15	1.2	1
1164892.558999999	0.19	1.0	1
1167025.859999999	0.2	1.0	1
1169160.994299999	0.2	1.0	1
1171298.145299999	0.17	1.1	1
1173436.946299999	0.2	0.9	1
1175577.947299999	0.15	1.2	1
1177720.964999999	0.18	1.1	1
1179865.815999999	0.21	1.0	1
1182012.500299999	0.19	1.0	1
1184161.017899999	0.19	1.0	1
1186311.185499999	0.21	0.9	1
1188463.369799999	0.18	1.1	1
1190617.0207999991	0.23	0.8	1
1192772.6884999992	0.17	1.1	1
1194930.1894999992	0.19	1.0	1
1197089.5237999992	0.2	1.0	1
1199250.6913999992	0.18	1.0	1
1201413.8756999993	0.18	1.1	1
1203578.5266999993	0.21	0.8	1
1205745.0109999992	0.19	1.0	1
1207912.9619999991	0.24	0.8	1
1210082.5629999992	0.2	0.9	1
1212254.9139999992	0.14	1.5	1
1214429.0982999993	0.19	1.0	1
1216604.9325999992	0.22	0.9	1
1218782.6001999993	0.19	1.0	1
1220962.4677999993	0.16	1.2	1
1223144.1686999993	0.18	1.0	1
1225328.0695999993	0.17	1.2	1
1227513.9871999994	0.17	1.1	1
1229701.9214999995	0.17	1.1	1
1231891.5057999995	0.21	0.9	1
1234082.7400999994	0.21	0.9	1
1236275.6243999994	0.19	0.9	1
1238470.5253999995	0.18	1.1	1
1240668.1763999995	0.16	1.5	1
1242867.8440999996	0.17	1.1	1
1245069.3450999996	0.2	1.0	1
1247272.6793999996	0.2	1.0	1
1249478.5803999996	0.14	1.4	1
1251686.8646999996	0.16	1.3	1
1253897.7156999996	0.18	1.4	1
1256110.7666999996	0.16	1.2	1
1258325.6509999996	0.19	1.0	1
1260542.5519999997	0.21	1.1	1
1262761.2862999996	0.18	1.0	1
1264981.8538999995	0.18	1.0	1
1267204.0714999996	0.24	0.9	1
1269428.1223999995	0.18	1.0	1
1271653.8232999996	0.23	0.9	1
1273881.7241999996	0.18	1.2	1
1276111.6417999996	0.16	1.1	1
1278343.3926999997	0.19	1.0	1
1280576.6102999998	0.2	0.8	1
1282811.8445999997	0.18	1.1	1
1285048.9121999997	0.18	1.0	1
1287287.6297999998	0.21	0.9	1
1289527.9973999998	0.23	0.9	1
1291770.3816999998	0.18	1.1	1
1294014.5993	0.19	1.0	1
1296260.4668999999	0.22	0.9	1
1298508.5344999998	0.17	1.2	1
1300758.2521	0.2	0.9	1
1303009.9863999998	0.16	1.1	1
1305263.9207	0.17	1.2	1
1307520.4216999998	0.17	1.4	1
1309778.9393999998	0.19	1.1	1
1312039.4737999998	0.18	1.1	1
1314301.8414999999	0.18	1.0	1
1316566.0424999997	0.21	1.0	1
1318831.8934999998	0.24	0.9	1
1321100.1277999997	0.15	1.3	1
1323370.3787999996	0.17	1.1	1
1325642.2797999997	0.2	0.9	1
1327916.7474999996	0.15	1.4	1
1330193.4151999997	0.17	1.2	1
1332471.9161999996	0.18	1.0	1
1334752.6171999995	0.16	1.2	1
1337035.5181999996	0.15	1.2	1
1339320.6191999996	0.17	1.2	1
1341607.9201999996	0.16	1.2	1
1343897.4211999995	0.19	1.2	1
1346189.1221999994	0.16	1.2	1
1348482.4731999994	0.2	0.9	1
1350777.8408999995	0.17	1.1	1
1353075.4085999995	0.15	1.2	1
1355374.6262999994	0.22	0.9	1
1357675.4939999995	0.21	0.9	1
1359978.3783999996	0.16	1.1	1
1362283.0960999995	0.18	1.0	1
1364589.8304999995	0.19	1.1	1
1366898.2148999996	0.22	0.9	1
1369208.2492999996	0.2	0.9	1
1371520.6669999997	0.16	1.3	1
1373835.1013999996	0.17	1.1	1
1376152.2857999995	0.14	1.5	1
1378471.4868999994	0.19	1.1	1
1380792.1546999994	0.23	0.8	1
1383115.0224999993	0.17	1.2	1
1385439.5402999993	0.2	0.9	1
1387766.2580999993	0.15	1.2	1
1390094.8091999993	0.2	1.0	1
1392425.0102999993	0.21	0.9	1
1394756.8613999994	0.2	0.9	1
1397091.4624999994	0.13	1.5	1
1399427.8968999994	0.19	1.0	1
1401766.1645999993	0.2	1.0	1
1404106.4489999993	0.17	1.1	1
1406448.7500999994	0.18	1.1	1
1408792.8844999995	0.2	1.0	1
1411138.8521999994	0.19	1.0	1
1413486.2865999993	0.23	0.8	1
1415835.5542999993	0.2	1.0	1
1418186.4719999994	0.21	0.9	1
1420539.2229999993	0.22	1.0	1
1422893.6239999994	0.22	0.9	1
1425249.6749999993	0.2	0.9	1
1427607.3759999992	0.22	0.9	1
1429966.9102999992	0.19	1.0	1
1432328.0945999993	0.21	0.9	1
1434690.7455999993	0.22	0.8	1
1437055.7798999993	0.15	1.3	1
1439422.4641999993	0.2	0.9	1
1441790.7984999993	0.2	0.9	1
1444161.3327999993	0.18	1.2	1
1446533.8837999993	0.19	1.1	1
1448908.8180999993	0.16	1.3	1
1451285.4023999993	0.22	0.9	1
1453663.8199999994	0.18	1.0	1
1456044.6208999993	0.15	1.3	1
1458427.4384999992	0.18	1.1	1
1460811.7227999992	0.25	0.8	1
1463197.6570999993	0.21	0.9	1
1465585.7913999993	0.15	1.2	1
1467975.5756999992	0.2	0.9	1
1470367.0099999993	0.21	0.9	1
1472760.4609999992	0.19	1.1	1
1475155.3786999993	0.23	0.8	1
1477551.9463999993	0.23	0.9	1
1479951.2640999993	0.13	1.5	1
1482352.2317999993	0.22	0.9	1
1484755.0327999992	0.2	1.0	1
1487159.8504999992	0.18	1.1	1
1489566.6848999993	0.16	1.1	1
1491975.3525999994	0.18	1.0	1
1494385.8535999993	0.19	1.0	1
1496798.5545999992	0.15	1.2	1
1499213.0888999992	0.19	1.0	1
1501629.6398999991	0.18	1.1	1
1504048.390899999	0.16	1.2	1
1506469.158599999	0.18	1.1	1
1508891.942999999	0.16	1.1	1
1511316.194099999	0.25	0.8	1
1513741.911899999	0.23	0.8	1
1516169.462999999	0.18	1.0	1
1518599.580799999	0.14	1.4	1
1521031.531899999	0.19	1.0	1
1523465.316299999	0.18	1.0	1
1525901.117399999	0.18	1.1	1
1528338.568499999	0.2	0.9	1
1530778.0362999989	0.17	1.1	1
1533219.887399999	0.16	1.3	1
1535663.5717999989	0.2	1.0	1
1538109.456199999	0.17	1.2	1
1540556.807299999	0.23	0.8	1
1543005.6250999991	0.26	0.8	1
1545456.092899999	0.21	0.9	1
1547908.027399999	0.23	0.8	1
1550361.7951999991	0.18	1.0	1
1552817.3962999992	0.17	1.0	1
1555274.6473999992	0.22	0.9	1
1557734.0984999991	0.16	1.2	1
1560195.1995999992	0.22	0.9	1
1562657.7673999993	0.24	0.8	1
1565121.8018999994	0.23	0.8	1
1567587.8530999995	0.18	1.1	1
1570056.1042999995	0.17	1.2	1
1572526.1887999997	0.2	1.0	1
1574998.2899999996	0.18	1.1	1
1577472.2244999995	0.19	1.0	1
1579947.9922999996	0.19	1.0	1
1582425.7767999996	0.18	1.1	1
1584905.3945999995	0.19	1.0	1
1587387.2123999996	0.16	1.2	1
1589871.2301999996	0.15	1.2	1
1592357.4479999996	0.18	1.2	1
1594845.6824999996	0.19	1.1	1
1597335.5669999996	0.21	0.9	1
1599827.2847999996	0.2	1.0	1
1602321.0192999996	0.17	1.1	1
1604816.7704999996	0.18	1.1	1
1607314.5383999997	0.18	1.1	1
1609814.3229999996	0.19	1.1	1
1612315.7575999997	0.24	0.9	1
1614819.2088999997	0.18	1.1	1
1617324.8601999998	0.15	1.2	1
1619833.0781999999	0.14	1.4	1
1622342.9462	0.21	0.9	1
1624855.0141999999	0.15	1.2	1
1627369.6489	0.16	1.4	1
1629886.4836	0.16	1.2	1
1632405.1516	0.18	1.0	1
1634926.0196	0.18	1.2	1
1637448.9043	0.17	1.1	1
1639973.8057000001	0.17	1.1	1
1642500.9071000002	0.16	1.2	1
1645029.6585000001	0.2	0.9	1
1647560.4266000001	0.18	1.1	1
1650093.2114000001	0.19	1.1	1
1652628.0129000002	0.18	1.1	1
1655164.6477	0.19	1.0	1
1657703.1158	0.22	1.0	1
1660243.4172	0.19	1.0	1
1662785.3686	0.2	0.9	1
1665329.1533	0.2	1.0	1
1667874.9547	0.19	1.1	1
1670422.7728	0.17	1.1	1
1672972.4242	0.18	1.0	1
1675523.9089	0.2	1.0	1
1678077.0436	0.19	0.9	1
1680631.645	0.23	0.8	1
1683187.7131	0.23	0.8	1
1685745.4312	0.2	0.9	1
1688305.3493	0.15	1.2	1
1690867.1006999998	0.19	1.0	1
1693430.6853999998	0.19	1.0	1
1695996.1034	0.19	1.0	1
1698563.3546999998	0.2	1.0	1
1701132.6226999997	0.18	1.1	1
1703703.5406999998	0.22	0.9	1
1706276.6586999998	0.15	1.2	1
1708851.9766999998	0.16	1.2	1
1711428.9446999999	0.22	0.9	1
1714007.9293999998	0.2	1.1	1
1716588.5640999998	0.21	0.9	1
1719171.2155	0.16	1.1	1
1721755.8835999998	0.16	1.1	1
1724342.3849999998	0.21	1.0	1
1726930.5363999999	0.22	0.9	1
1729521.0710999998	0.15	1.3	1
1732113.6224999998	0.17	1.1	1
1734708.3738999998	0.16	1.2	1
1737305.1419999998	0.2	1.1	1
1739903.7433999998	0.19	1.0	1
1742504.1781	0.18	1.0	1
1745106.2628	0.22	0.9	1
1747710.1808	0.19	1.0	1
1750316.1155	0.18	1.1	1
1752923.8835	0.19	1.0	1
1755533.6682	0.2	1.1	1
1758145.6528999999	0.16	1.2	1
1760760.0209	0.16	1.3	1
1763376.2222	0.21	1.0	1
1765994.2567999999	0.19	1.0	1
1768614.1246999998	0.19	1.0	1
1771235.6426	0.21	0.9	1
1773859.1771999998	0.16	1.1	1
1776485.0950999998	0.14	1.3	1
1779112.8462999999	0.19	1.0	1
1781742.4308	0.19	1.0	1
1784373.8486	0.2	1.0	1
1787006.9164	0.2	0.9	1
1789641.8175	0.2	1.0	1
1792278.5518999998	0.18	1.0	1
1794917.4862999998	0.16	1.2	1
1797558.4373999997	0.18	1.1	1
1800201.2217999997	0.18	1.0	1
1802846.0228999997	0.17	1.1	1
1805492.6572999998	0.21	1.0	1
1808140.7584	0.23	0.8	1
1810791.2428	0.16	1.3	1
1813444.1105	0.16	1.3	1
1816099.1782	0.15	1.2	1
1818756.0792	0.18	1.0	1
1821415.3635	0.16	1.3	1
1824076.8477999999	0.16	1.2	1
1826741.0820999998	0.15	1.5	1
1829406.9663999998	0.2	0.9	1
1832074.3173999998	0.22	0.8	1
1834743.1350999998	0.2	0.8	1
1837414.1527999998	0.17	1.2	1
1840087.3704999997	0.18	1.2	1
1842762.4214999997	0.19	1.0	1
1845439.3057999997	0.19	1.0	1
1848117.6567999998	0.23	0.8	1
1850797.8410999998	0.2	1.0	1
1853480.0420999997	0.16	1.1	1
1856164.0763999997	0.19	1.0	1
1858849.7606999998	0.21	0.9	1
1861537.4616999996	0.18	1.1	1
1864227.1793999996	0.18	1.1	1
1866918.9137999995	0.19	1.1	1
1869613.3981999995	0.13	1.5	1
1872310.2658999995	0.16	1.3	1
1875008.6002999996	0.26	0.8	1
1877709.8679999996	0.13	1.6	1
1880413.5189999996	0.16	1.3	1
1883119.1866999997	0.18	1.1	1
1885826.6876999997	0.2	1.0	1
1888536.3886999995	0.17	1.2	1
1891247.5563999997	0.25	0.8	1
1893960.1907999997	0.23	0.8	1
1896675.5751999998	0.14	1.5	1
1899392.9762999997	0.19	1.1	1
1902112.5773999998	0.16	1.2	1
1904834.0117999997	0.19	1.0	1
1907557.2794999997	0.2	1.0	1
1910282.5638999997	0.16	1.1	1
1913010.7815999996	0.13	1.6	1
1915740.4659999995	0.26	0.8	1
1918472.1670999995	0.16	1.1	1
1921205.3348999994	0.24	0.8	1
1923941.0693999995	0.15	1.4	1
1926678.2705999995	0.24	0.8	1
1929417.3050999995	0.18	1.0	1
1932158.1728999994	0.2	1.0	1
1934900.6906999995	0.23	0.9	1
1937644.6751999995	0.23	0.8	1
1940390.1263999995	0.23	0.8	1
1943137.2275999994	0.22	0.9	1
1945886.7120999994	0.15	1.3	1
1948638.0298999995	0.21	1.0	1
1951390.8143999996	0.22	0.8	1
1954145.9821999995	0.16	1.3	1
1956902.9832999995	0.18	1.0	1
1959661.8176999995	0.19	1.0	1
1962422.8520999996	0.15	1.2	1
1965185.7197999996	0.19	1.0	1
1967950.2374999996	0.21	0.9	1
1970716.7718999996	0.17	1.1	1
1973485.5062999995	0.18	1.2	1
1976256.0739999996	0.19	1.0	1
1979028.6583999996	0.17	1.1	1
1981802.8927999996	0.22	0.9	1
1984579.5104999996	0.14	1.3	1
1987357.7781999996	0.23	0.9	1
1990137.5125999996	0.26	0.8	1
1992919.2636999995	0.18	1.1	1
1995703.0314999996	0.18	1.1	1
1998488.8159999996	0.18	1.1	1
2001276.4337999995	0.2	1.0	1
2004065.7015999996	0.22	0.9	1
2006856.4360999996	0.21	0.8	1
2009649.1872999996	0.17	1.1	1
2012443.7717999998	0.21	1.0	1
2015240.7395999997	0.16	1.3	1
2018039.1740999997	0.23	0.8	1
2020839.2585999998	0.2	0.9	1
2023641.3597999997	0.18	1.1	1
2026445.4776999997	0.17	1.1	1
2029251.4288999997	0.21	1.0	1
2032059.2133999998	0.2	1.0	1
2034869.3811999997	0.16	1.3	1
2037681.5656999997	0.17	1.1	1
2040495.4001999998	0.23	0.9	1
2043311.2513999997	0.18	1.1	1
2046129.1192999997	0.2	1.1	1
2048949.1871999996	0.15	1.2	1
2051771.2717999995	0.18	1.1	1
2054595.5563999994	0.15	1.2	1
2057421.8576999994	0.2	1.1	1
2060249.8089999994	0.21	0.9	1
2063080.5102999995	0.13	1.5	1
2065913.4115999995	0.16	1.2	1
2068748.1461999996	0.19	1.0	1
2071585.0807999996	0.16	1.2	1
2074424.0320999997	0.17	1.1	1
2077264.8166999996	0.18	1.0	1
2080107.2512999997	0.22	0.9	1
2082951.3358999996	0.19	0.9	1
2085797.4371999996	0.17	1.1	1
2088645.5551999996	0.18	1.1	1
2091495.1398999996	0.24	0.8	1
2094346.7412999996	0.17	1.1	1
2097200.5426999996	0.18	1.2	1
2100056.3607999994	0.17	1.1	1
2102914.5621999996	0.16	1.3	1
2105774.5969	0.2	1.0	1
2108636.2816	0.19	0.9	1
2111499.7996	0.2	1.0	1
2114364.9676	0.22	0.9	1
2117231.9689	0.2	1.0	1
2120101.1702	0.15	1.2	1
2122972.2048	0.18	1.0	1
2125845.2561	0.19	1.1	1
2128720.3241	0.18	1.1	1
2131597.4088	0.17	1.1	1
2134476.3268	0.2	1.0	1
2137357.2615	0.19	1.1	1
2140239.8462	0.19	0.9	1
2143124.6309	0.16	1.2	1
2146010.8823	0.28	0.8	1
2148899.1504	0.17	1.1	1
2151789.2518	0.21	1.0	1
2154681.5532000004	0.16	1.2	1
2157575.6879000003	0.19	1.0	1
2160472.2059000004	0.16	1.3	1
2163370.9239000003	0.16	1.2	1
2166271.1086000004	0.24	0.8	1
2169173.1266000005	0.2	1.0	1
2172077.5279000006	0.15	1.3	1
2174983.7625000007	0.19	1.0	1
2177892.1971000005	0.16	1.2	1
2180802.0984000005	0.23	0.8	1
2183713.8330000006	0.2	1.0	1
2186627.5843000007	0.17	1.1	1
2189543.352300001	0.18	1.1	1
2192461.137000001	0.18	1.1	1
2195381.121700001	0.17	1.2	1
2198302.573100001	0.24	0.8	1
2201225.8578000013	0.23	1.0	1
2204150.609200001	0.23	0.8	1
2207077.010600001	0.23	0.9	1
2210005.0620000013	0.21	0.9	1
2212935.130100001	0.17	1.1	1
2215867.031500001	0.18	1.0	1
2218800.582900001	0.24	0.9	1
2221736.151000001	0.18	1.1	1
2224673.735800001	0.18	1.1	1
2227613.703900001	0.15	1.3	1
2230555.688700001	0.18	1.1	1
2233500.0568000013	0.15	1.3	1
2236446.8082000013	0.15	1.3	1
2239395.942900001	0.15	1.3	1
2242346.910900001	0.19	1.0	1
2245299.712200001	0.19	1.0	1
2248254.1635000007	0.19	0.9	1
2251210.6315000006	0.17	1.1	1
2254169.2995000007	0.16	1.2	1
2257130.3508000006	0.16	1.3	1
2260093.4188000006	0.17	1.1	1
2263058.8701000004	0.15	1.3	1
2266025.7881000005	0.23	0.8	1
2268994.7228000006	0.18	1.1	1
2271965.8575000004	0.17	1.2	1
2274938.8255000003	0.21	1.0	1
2277914.7268000003	0.12	1.6	1
2280892.4614000004	0.18	1.0	1
2283872.0293000005	0.19	1.0	1
2286853.4305000007	0.2	1.0	1
2289837.0317000006	0.17	1.2	1
2292822.2829000005	0.19	0.9	1
2295809.0008000005	0.25	0.8	1
2298797.5520000006	0.17	1.0	1
2301788.1199000007	0.16	1.1	1
2304780.521100001	0.18	1.0	1
2307774.572300001	0.2	0.9	1
2310770.823500001	0.17	1.2	1
2313768.9080000008	0.2	1.0	1
2316768.8258000007	0.2	1.0	1
2319770.5769000007	0.21	1.0	1
2322774.3447000007	0.18	1.1	1
2325779.945800001	0.18	1.0	1
2328787.196900001	0.19	0.9	1
2331796.464700001	0.16	1.1	1
2334807.565800001	0.21	1.0	1
2337820.683600001	0.18	1.1	1
2340836.184700001	0.16	1.3	1
2343854.069100001	0.14	1.3	1
2346873.420200001	0.25	0.8	1
2349894.788000001	0.17	1.1	1
2352917.805800001	0.21	0.9	1
2355943.0236000014	0.16	1.2	1
2358970.074700001	0.18	1.0	1
2361998.142500001	0.19	1.1	1
2365027.860300001	0.2	0.9	1
2368059.411400001	0.21	1.0	1
2371092.979200001	0.17	1.1	1
2374128.747000001	0.18	1.2	1
2377165.9815000007	0.22	0.8	1
2380204.6827000007	0.22	0.8	1
2383245.9506000006	0.14	1.4	1
2386289.0518000005	0.17	1.0	1
2389333.8030000003	0.2	0.9	1
2392380.2042000005	0.19	0.9	1
2395428.0721000005	0.24	0.8	1
2398477.7733000005	0.18	1.0	1
2401528.9412000002	0.24	0.8	1
2404582.4924000003	0.14	1.3	1
2407637.8769000005	0.19	1.0	1
2410695.0947000007	0.18	1.0	1
2413754.5125000007	0.15	1.2	1
2416816.8636000007	0.15	1.6	1
2419881.048000001	0.18	1.0	1
2422947.065700001	0.19	1.0	1
2426014.916700001	0.19	1.0	1
2429084.234400001	0.22	0.8	1
2432155.568800001	0.16	1.1	1
2435228.736500001	0.17	1.0	1
2438304.104200001	0.19	1.2	1
2441380.938600001	0.22	0.8	1
2444459.2397000007	0.22	0.8	1
2447539.190800001	0.2	0.9	1
2450620.9752000007	0.19	1.0	1
2453704.2263000007	0.23	0.8	1
2456788.944100001	0.22	0.8	1
2459875.861900001	0.16	1.2	1
2462964.613000001	0.19	1.0	1
2466055.0141000007	0.21	0.9	1
2469147.7985000005	0.15	1.3	1
2472242.2329000006	0.22	0.9	1
2475338.3173000007	0.21	0.9	1
2478436.235000001	0.18	1.0	1
2481535.986000001	0.2	1.0	1
2484637.753700001	0.18	1.1	1
2487741.1714000013	0.19	0.9	1
2490846.4224000014	0.18	1.0	1
2493953.3234000015	0.21	0.9	1
2497061.8744000015	0.21	0.9	1
2500172.2587000015	0.2	1.0	1
2503284.2930000015	0.21	0.9	1
2506398.1606000015	0.19	1.0	1
2509513.8615000015	0.19	1.0	1
2512631.2124000015	0.21	0.9	1
2515750.7633000016	0.14	1.2	1
2518872.5142000015	0.15	1.2	1
2521995.9151000013	0.19	0.9	1
2525120.7827000013	0.23	0.8	1
2528247.4836000013	0.2	1.0	1
2531376.0178000014	0.19	1.0	1
2534506.5687000016	0.2	1.1	1
2537639.3196000014	0.16	1.2	1
2540773.5372000015	0.23	0.8	1
2543909.5881000017	0.2	1.0	1
2547047.2890000017	0.22	0.9	1
2550186.823200002	0.19	1.0	1
2553328.190700002	0.18	1.0	1
2556471.3915000022	0.18	1.0	1
2559616.609000002	0.17	1.1	1
2562763.293200002	0.22	0.8	1
2565911.627400002	0.2	0.9	1
2569061.794900002	0.19	1.0	1
2572213.612400002	0.2	0.9	1
2575367.629900002	0.14	1.2	1
2578523.8474000017	0.15	1.2	1
2581681.8982000016	0.19	1.0	1
2584841.599000002	0.19	0.9	1
2588003.3165000016	0.18	1.1	1
2591167.2340000016	0.15	1.2	1
2594332.8015000015	0.22	0.9	1
2597500.2023000014	0.19	1.0	1
2600669.2531000013	0.22	0.9	1
2603840.137200001	0.18	1.0	1
2607013.2213000013	0.16	1.2	1
2610188.1387000014	0.19	1.0	1
2613364.7061000015	0.21	0.9	1
2616542.9235000014	0.2	0.9	1
2619722.9742000015	0.18	1.0	1
2622904.6749000014	0.21	0.9	1
2626088.025600001	0.19	0.9	1
2629273.209600001	0.19	1.0	1
2632460.410300001	0.16	1.1	1
2635649.444300001	0.18	1.0	1
2638840.311600001	0.2	1.0	1
2642033.012200001	0.18	1.0	1
2645227.5461000013	0.21	1.0	1
2648423.7300000014	0.21	0.9	1
2651621.380600001	0.23	0.8	1
2654820.6812000014	0.2	0.9	1
2658021.815100001	0.2	1.0	1
2661224.415700001	0.21	0.8	1
2664429.033000001	0.18	1.1	1
2667635.300300001	0.18	0.9	1
2670843.950900001	0.16	1.3	1
2674054.434800001	0.18	1.0	1
2677266.5687000006	0.21	0.9	1
2680480.5359000005	0.18	1.0	1
2683695.9698000005	0.22	0.8	1
2686913.2370000007	0.19	1.0	1
2690132.1542000007	0.2	0.9	1
2693352.7214000006	0.22	0.9	1
2696574.755300001	0.21	0.8	1
2699798.439200001	0.18	0.9	1
2703024.506400001	0.15	1.3	1
2706252.5903000007	0.17	1.1	1
2709482.5075000008	0.18	1.0	1
2712714.258000001	0.19	1.0	1
2715947.658500001	0.22	0.9	1
2719182.892300001	0.18	1.0	1
2722419.959400001	0.21	1.0	1
2725659.409800001	0.14	1.3	1
2728900.876900001	0.17	1.1	1
2732144.544000001	0.14	1.2	1
2735390.044400001	0.19	1.0	1
2738637.011500001	0.23	0.8	1
2741885.445300001	0.24	0.8	1
2745135.345800001	0.24	0.8	1
2748387.263000001	0.18	1.1	1
2751640.830200001	0.2	0.9	1
2754895.8641000013	0.23	0.8	1
2758152.5480000013	0.2	0.9	1
2761411.0652000015	0.18	1.0	1
2764671.4157000016	0.19	1.0	1
