1.95	0.16	1.2	1
5.525	0.18	1.0	1
10.5625	0.2	0.9	1
17.0625	0.21	0.9	1
26.4875	0.11	1.8	1
38.1875	0.14	1.4	1
52.1625	0.15	1.4	1
67.7625	0.2	1.0	1
85.3125	0.15	1.2	1
104.325	0.18	0.9	1
126.1	0.14	1.7	1
149.33749999999998	0.19	0.9	1
174.36249999999998	0.17	1.1	1
200.68749999999997	0.21	0.8	1
228.47499999999997	0.2	0.9	1
257.8875	0.2	1.0	1
289.0875	0.18	1.1	1
322.075	0.17	1.1	1
356.525	0.19	0.9	1
392.4375	0.22	0.9	1
429.65	0.25	0.8	1
468.16249999999997	0.22	0.8	1
508.29999999999995	0.18	1.0	1
550.0625	0.19	1.0	1
593.45	0.19	1.0	1
640.0875000000001	0.11	2.0	1
688.1875000000001	0.21	0.9	1
738.4000000000001	0.17	1.3	1
790.5625000000001	0.17	1.2	1
844.3500000000001	0.19	1.0	1
901.0625000000001	0.12	1.8	1
959.0750000000002	0.21	0.8	1
1018.3875000000002	0.23	0.8	1
1079.4875000000002	0.15	1.1	1
1142.0500000000002	0.2	0.9	1
1207.5375000000001	0.11	1.8	1
1274.65	0.25	1.0	1
1343.2250000000001	0.21	0.9	1
1413.4250000000002	0.17	1.0	1
1485.0875	0.22	0.9	1
1558.375	0.21	1.0	1
1633.2875	0.19	1.0	1
1709.6625	0.21	0.9	1
1787.6625	0.2	1.0	1
1867.6125	0.18	1.2	1
1949.1875	0.19	1.0	1
2032.225	0.2	0.9	1
2117.375	0.17	1.3	1
2204.475	0.17	1.2	1
2293.525	0.16	1.2	1
2385.9875	0.11	2.1	1
2481.5375000000004	0.13	1.9	1
2578.8750000000005	0.18	1.1	1
2679.3000000000006	0.12	1.9	1
2781.5125000000007	0.18	1.1	1
2885.8375000000005	0.17	1.3	1
2991.7875000000004	0.19	1.0	1
3099.5250000000005	0.18	1.1	1
3209.2125000000005	0.16	1.2	1
3320.5250000000005	0.2	1.0	1
3433.4625000000005	0.2	1.0	1
3548.1875000000005	0.16	1.1	1
3665.8375000000005	0.12	1.8	1
3784.9500000000007	0.21	0.9	1
3905.3625000000006	0.23	0.8	1
4028.3750000000005	0.12	1.6	1
4154.637500000001	0.12	2.0	1
4282.687500000001	0.17	1.1	1
4413.175000000001	0.13	1.5	1
4547.237500000001	0.1	2.2	1
4684.062500000001	0.14	1.7	1
4822.675000000001	0.17	1.1	1
4962.750000000001	0.21	0.9	1
5105.912500000001	0.11	1.9	1
5250.700000000002	0.19	1.0	1
5396.950000000002	0.21	0.9	1
5544.825000000002	0.19	1.0	1
5694.162500000001	0.2	0.9	1
5845.125000000001	0.18	1.0	1
5997.712500000001	0.19	1.0	1
6151.762500000001	0.22	0.9	1
6307.275000000001	0.2	0.9	1
6464.087500000001	0.23	0.8	1
6622.687500000001	0.18	1.1	1
6782.750000000001	0.21	0.9	1
6944.600000000001	0.18	1.1	1
7107.912500000001	0.19	0.9	1
7273.012500000002	0.17	1.1	1
7441.362500000002	0.11	2.0	1
7611.500000000002	0.19	1.1	1
7782.937500000002	0.21	0.8	1
7956.812500000002	0.13	1.5	1
8132.475000000002	0.17	1.1	1
8309.925000000003	0.17	1.1	1
8489.162500000002	0.18	1.1	1
8670.025000000001	0.18	1.0	1
8852.837500000001	0.16	1.2	1
9037.275000000001	0.18	1.0	1
9223.662500000002	0.15	1.2	1
9412.000000000002	0.17	1.2	1
9601.962500000001	0.19	1.0	1
9794.037500000002	0.15	1.3	1
9988.062500000002	0.17	1.2	1
10183.387500000003	0.24	0.8	1
10380.500000000002	0.16	1.1	1
10579.400000000001	0.16	1.1	1
10780.087500000001	0.18	1.1	1
10982.8875	0.15	1.3	1
11187.800000000001	0.15	1.3	1
11394.175000000001	0.21	0.9	1
11602.175000000001	0.21	1.0	1
11811.800000000001	0.18	1.0	1
12023.212500000001	0.16	1.1	1
12237.875000000002	0.11	2.0	1
12454.650000000001	0.14	1.3	1
12672.725000000002	0.25	0.8	1
12892.912500000002	0.15	1.3	1
13114.887500000003	0.17	1.1	1
13338.487500000003	0.18	1.0	1
13563.550000000003	0.2	0.9	1
13790.237500000003	0.2	1.0	1
14018.550000000003	0.19	1.0	1
14248.487500000003	0.2	1.0	1
14479.887500000003	0.22	0.9	1
14712.750000000002	0.19	0.9	1
14947.562500000002	0.18	1.2	1
15184.162500000002	0.18	1.1	1
15422.387500000003	0.19	1.0	1
15662.075000000003	0.23	0.9	1
15903.387500000003	0.19	1.0	1
16146.000000000002	0.22	0.8	1
16390.4	0.21	1.1	1
16636.75	0.15	1.2	1
16885.2125	0.17	1.3	1
17135.625	0.17	1.2	1
17387.825	0.17	1.1	1
17641.65	0.19	1.0	1
17897.425000000003	0.17	1.2	1
18155.15	0.16	1.2	1
18414.662500000002	0.18	1.1	1
18675.800000000003	0.2	1.0	1
18938.725000000002	0.16	1.1	1
19203.7625	0.14	1.3	1
19470.100000000002	0.21	0.8	1
19738.062500000004	0.18	1.0	1
20007.487500000003	0.2	0.9	1
20278.537500000002	0.19	1.0	1
20551.7	0.16	1.3	1
20826.325	0.2	0.9	1
21104.2	0.12	2.0	1
21383.7	0.2	1.0	1
21664.662500000002	0.23	0.9	1
21947.250000000004	0.19	1.0	1
22231.300000000003	0.22	0.9	1
22517.625000000004	0.14	1.4	1
22805.900000000005	0.18	1.2	1
23095.962500000005	0.17	1.1	1
23387.650000000005	0.19	1.0	1
23681.125000000004	0.16	1.1	1
23976.387500000004	0.18	1.1	1
24273.437500000004	0.17	1.1	1
24572.275000000005	0.18	1.1	1
24872.737500000007	0.19	1.0	1
25174.987500000007	0.17	1.1	1
25479.187500000007	0.15	1.2	1
25785.175000000007	0.16	1.1	1
26092.462500000005	0.22	0.8	1
26401.537500000006	0.18	1.1	1
26712.075000000004	0.21	0.9	1
27024.237500000003	0.19	1.0	1
27338.187500000004	0.16	1.1	1
27655.225000000002	0.12	1.9	1
27974.2125	0.17	1.2	1
28295.3125	0.15	1.3	1
28618.0375	0.19	1.0	1
28942.712499999998	0.16	1.2	1
29269.012499999997	0.19	1.0	1
29596.612499999996	0.22	0.8	1
29925.837499999994	0.19	1.0	1
30256.687499999993	0.19	1.0	1
30591.112499999992	0.1	2.2	1
30928.78749999999	0.11	2.0	1
31268.737499999992	0.14	1.4	1
31610.312499999993	0.19	1.0	1
31953.34999999999	0.21	0.9	1
32298.33749999999	0.15	1.2	1
32645.59999999999	0.14	1.4	1
32994.48749999999	0.21	1.0	1
33344.999999999985	0.19	1.0	1
33697.13749999998	0.2	1.0	1
34052.037499999984	0.12	1.7	1
34408.88749999998	0.16	1.2	1
34767.19999999998	0.2	0.9	1
35127.29999999998	0.18	1.1	1
35488.69999999998	0.23	0.8	1
35851.562499999985	0.2	0.9	1
36217.67499999999	0.11	2.0	1
36585.57499999999	0.14	1.1	1
36956.39999999999	0.11	1.8	1
37328.687499999985	0.2	0.9	1
37702.92499999999	0.15	1.2	1
38078.78749999999	0.19	1.0	1
38456.43749999999	0.18	1.1	1
38836.84999999999	0.12	1.7	1
39219.53749999999	0.12	1.4	1
39603.524999999994	0.24	0.8	1
39988.97499999999	0.2	0.9	1
40375.88749999999	0.19	0.9	1
40765.23749999999	0.15	1.5	1
41156.21249999999	0.19	1.0	1
41549.46249999999	0.13	1.4	1
41944.33749999999	0.19	1.0	1
42340.51249999999	0.22	0.8	1
42738.47499999999	0.16	1.1	1
43137.899999999994	0.21	0.9	1
43539.112499999996	0.17	1.1	1
43941.7875	0.21	0.9	1
44345.7625	0.23	0.8	1
44751.85	0.17	1.3	1
45160.375	0.12	1.5	1
45570.85	0.15	1.2	1
45982.7875	0.21	0.9	1
46396.5125	0.17	1.1	1
46812.024999999994	0.18	1.1	1
47229.487499999996	0.17	1.2	1
47648.737499999996	0.17	1.1	1
48069.93749999999	0.16	1.2	1
48492.59999999999	0.19	0.9	1
48918.837499999994	0.1	2.2	1
49346.862499999996	0.18	1.1	1
49776.35	0.23	0.9	1
50209.0875	0.11	2.0	1
50643.2875	0.21	0.9	1
51079.112499999996	0.19	1.0	1
51516.56249999999	0.2	1.0	1
51955.799999999996	0.18	1.1	1
52397.149999999994	0.16	1.3	1
52840.28749999999	0.15	1.1	1
53285.212499999994	0.19	1.1	1
53731.59999999999	0.2	0.9	1
54179.28749999999	0.23	0.8	1
54629.73749999999	0.13	1.7	1
55081.64999999999	0.2	0.9	1
55535.187499999985	0.18	1.0	1
55990.349999999984	0.18	1.0	1
56447.46249999999	0.16	1.2	1
56905.874999999985	0.23	0.8	1
57366.07499999998	0.19	1.1	1
57827.89999999998	0.19	1.0	1
58291.18749999998	0.2	0.9	1
58757.887499999975	0.11	2.1	1
59223.21249999997	0.21	1.0	1
59689.99999999997	0.22	0.9	1
60158.57499999997	0.18	1.1	1
60628.774999999965	0.19	1.0	1
61101.087499999965	0.16	1.3	1
61574.69999999997	0.26	0.8	1
62049.93749999997	0.21	1.0	1
62526.47499999997	0.24	0.8	1
63004.79999999997	0.18	1.1	1
63484.91249999997	0.19	1.1	1
63966.97499999997	0.16	1.2	1
64450.66249999997	0.2	1.0	1
64935.81249999997	0.25	0.9	1
65422.91249999997	0.16	1.2	1
65912.12499999997	0.15	1.3	1
66403.61249999997	0.15	1.4	1
66896.88749999997	0.19	1.1	1
67391.94999999997	0.19	1.1	1
67888.96249999997	0.18	1.2	1
68387.59999999996	0.21	1.0	1
68887.86249999996	0.19	1.0	1
69389.42499999996	0.23	0.8	1
69892.77499999997	0.19	1.1	1
70397.58749999997	0.22	0.9	1
70904.18749999997	0.2	1.1	1
71412.57499999997	0.16	1.1	1
71922.91249999996	0.15	1.2	1
72435.03749999996	0.18	1.1	1
72949.43749999996	0.14	1.4	1
73465.46249999995	0.2	1.0	1
73983.11249999994	0.22	1.0	1
74502.54999999994	0.17	1.1	1
75023.44999999994	0.22	0.9	1
75545.97499999993	0.21	1.0	1
76070.12499999993	0.18	1.0	1
76596.38749999992	0.16	1.3	1
77124.27499999992	0.2	1.0	1
77654.11249999992	0.19	1.2	1
78185.73749999992	0.18	1.1	1
78719.47499999992	0.15	1.3	1
79255.16249999992	0.16	1.2	1
79792.47499999992	0.19	1.0	1
80331.41249999992	0.21	1.0	1
80872.46249999992	0.15	1.3	1
81414.97499999992	0.22	0.9	1
81958.94999999992	0.22	0.9	1
82504.54999999993	0.2	1.0	1
83051.77499999994	0.18	1.0	1
83600.62499999994	0.2	1.0	1
84151.09999999995	0.19	1.0	1
84702.87499999994	0.24	0.8	1
85256.27499999994	0.2	1.0	1
85811.78749999993	0.16	1.3	1
86369.24999999993	0.17	1.2	1
86928.66249999993	0.18	1.2	1
87489.53749999993	0.21	0.9	1
88052.19999999994	0.18	1.1	1
88616.97499999993	0.14	1.3	1
89183.21249999994	0.22	0.9	1
89750.74999999994	0.22	0.8	1
90319.91249999995	0.2	1.0	1
90890.69999999995	0.19	1.0	1
91463.43749999996	0.17	1.2	1
92037.79999999996	0.19	1.0	1
92613.78749999996	0.19	1.0	1
93191.88749999997	0.16	1.3	1
93772.09999999996	0.16	1.3	1
94353.77499999997	0.2	0.9	1
94937.56249999997	0.18	1.3	1
95523.29999999997	0.17	1.2	1
96110.82499999997	0.18	1.1	1
96699.81249999997	0.2	0.9	1
97290.09999999998	0.22	0.8	1
97882.01249999998	0.19	1.0	1
98476.03749999998	0.15	1.3	1
99071.68749999997	0.19	1.0	1
99668.79999999997	0.21	0.9	1
100267.86249999997	0.16	1.2	1
100868.54999999997	0.2	1.0	1
101471.02499999998	0.17	1.1	1
102074.96249999998	0.2	0.9	1
102680.19999999998	0.24	0.8	1
103287.71249999998	0.16	1.4	1
103896.84999999998	0.19	1.0	1
104508.09999999998	0.16	1.3	1
105120.97499999998	0.22	1.0	1
105735.47499999998	0.19	1.0	1
106352.24999999997	0.14	1.4	1
106970.81249999997	0.18	1.1	1
107590.83749999997	0.19	0.9	1
108212.64999999997	0.18	1.1	1
108835.92499999996	0.21	0.9	1
109460.82499999995	0.19	1.0	1
110087.34999999995	0.22	1.0	1
110715.82499999995	0.16	1.2	1
111346.08749999995	0.18	1.1	1
111978.46249999995	0.16	1.3	1
112612.29999999994	0.21	0.9	1
113248.24999999994	0.15	1.3	1
113885.98749999994	0.19	1.1	1
114525.51249999994	0.17	1.1	1
115166.98749999994	0.17	1.2	1
115810.89999999995	0.14	1.5	1
116456.59999999995	0.2	1.1	1
117104.41249999995	0.16	1.3	1
117754.01249999995	0.18	1.1	1
118405.07499999995	0.2	0.9	1
119057.43749999996	0.24	0.8	1
119711.58749999995	0.19	1.1	1
120367.68749999996	0.15	1.2	1
121025.57499999995	0.18	1.1	1
121684.92499999996	0.23	0.9	1
122346.54999999996	0.15	1.4	1
123009.96249999997	0.19	1.1	1
123674.99999999997	0.19	1.0	1
124341.66249999998	0.19	1.0	1
125010.11249999997	0.17	1.1	1
125680.34999999998	0.18	1.1	1
126352.53749999998	0.16	1.2	1
127026.51249999998	0.17	1.1	1
127701.78749999998	0.25	0.8	1
128378.68749999997	0.2	1.0	1
129057.86249999997	0.14	1.4	1
129738.49999999997	0.21	0.9	1
130420.76249999997	0.18	1.0	1
131104.64999999997	0.19	1.0	1
131790.64999999997	0.16	1.3	1
132478.43749999997	0.18	1.1	1
133168.01249999998	0.18	1.1	1
133859.37499999997	0.18	1.1	1
134552.03749999998	0.22	0.8	1
135247.13749999998	0.18	1.5	1
135944.34999999998	0.15	1.3	1
136643.18749999997	0.2	1.0	1
137343.97499999998	0.17	1.2	1
138046.87499999997	0.14	1.3	1
138751.39999999997	0.22	1.0	1
139458.03749999998	0.16	1.3	1
140166.3	0.2	1.0	1
140876.34999999998	0.18	1.1	1
141588.34999999998	0.18	1.2	1
142303.1125	0.12	1.7	1
143019.3375	0.22	0.9	1
143736.8625	0.23	0.8	1
144456.82499999998	0.13	1.5	1
145179.22499999998	0.14	1.5	1
145903.41249999998	0.19	1.1	1
146629.38749999998	0.17	1.1	1
147356.9875	0.19	1.0	1
148086.2125	0.18	1.0	1
148817.0625	0.18	1.0	1
149549.5375	0.19	1.0	1
150283.80000000002	0.17	1.1	1
151019.68750000003	0.2	1.0	1
151757.03750000003	0.21	0.9	1
152496.33750000002	0.16	1.2	1
153237.2625	0.2	1.0	1
153979.8125	0.21	1.0	1
154723.825	0.22	0.9	1
155469.1375	0.27	0.8	1
156216.40000000002	0.19	1.2	1
156965.45	0.18	1.1	1
157715.96250000002	0.22	0.9	1
158468.2625	0.18	1.1	1
159222.35	0.19	1.1	1
159977.9	0.24	0.9	1
160735.4	0.16	1.2	1
161494.19999999998	0.24	0.8	1
162254.4625	0.22	0.9	1
163016.51249999998	0.16	1.1	1
163780.8375	0.15	1.4	1
164546.625	0.22	0.9	1
165313.875	0.22	0.9	1
166082.9125	0.18	1.1	1
166853.73750000002	0.18	1.1	1
167626.18750000003	0.2	1.0	1
168399.93750000003	0.23	0.8	1
169175.96250000002	0.16	1.4	1
169953.77500000002	0.19	1.1	1
170733.53750000003	0.17	1.2	1
171514.92500000005	0.19	1.0	1
172297.77500000005	0.22	0.9	1
173082.73750000005	0.17	1.3	1
173869.16250000003	0.21	0.9	1
174657.53750000003	0.18	1.2	1
175447.86250000005	0.15	1.2	1
176239.97500000003	0.18	1.1	1
177034.03750000003	0.16	1.2	1
177829.40000000002	0.23	0.8	1
178626.71250000002	0.18	1.2	1
179425.65000000002	0.2	1.0	1
180226.21250000002	0.2	1.0	1
181028.40000000002	0.19	1.0	1
181832.21250000002	0.2	1.0	1
182637.97500000003	0.16	1.2	1
183445.68750000003	0.17	1.2	1
184255.02500000002	0.2	1.0	1
185066.31250000003	0.16	1.2	1
185879.22500000003	0.18	1.0	1
186693.92500000005	0.19	1.1	1
187509.92500000005	0.23	0.8	1
188327.87500000006	0.16	1.2	1
189147.12500000006	0.24	0.8	1
189968.32500000007	0.16	1.2	1
190791.15000000008	0.21	1.0	1
191615.4375000001	0.23	0.9	1
192441.67500000008	0.16	1.2	1
193269.21250000008	0.24	0.8	1
194098.05000000008	0.25	0.8	1
194928.83750000008	0.17	1.2	1
195761.2500000001	0.2	1.0	1
196595.2875000001	0.21	1.0	1
197431.1125000001	0.21	1.1	1
198268.2375000001	0.22	0.8	1
199106.9875000001	0.19	1.0	1
199947.68750000012	0.16	1.2	1
200790.1750000001	0.19	1.1	1
201633.9625000001	0.24	0.8	1
202479.7000000001	0.16	1.2	1
203326.7375000001	0.22	0.8	1
204175.56250000012	0.17	1.1	1
205026.3375000001	0.17	1.2	1
205879.5500000001	0.14	1.5	1
206734.06250000012	0.23	0.8	1
207589.87500000012	0.21	0.8	1
208447.9625000001	0.15	1.4	1
209307.6750000001	0.18	1.0	1
210169.0125000001	0.19	1.0	1
211032.4625000001	0.14	1.3	1
211897.37500000012	0.24	0.9	1
212764.07500000013	0.17	1.1	1
213632.23750000013	0.22	0.9	1
214502.35000000012	0.16	1.2	1
215374.57500000013	0.16	1.3	1
216248.58750000014	0.17	1.1	1
217124.38750000013	0.17	1.1	1
218001.48750000013	0.25	0.8	1
218880.05000000013	0.21	0.9	1
219760.40000000014	0.18	1.1	1
220642.21250000014	0.21	0.9	1
221525.81250000015	0.17	1.1	1
222411.52500000014	0.16	1.3	1
223299.18750000015	0.16	1.2	1
224188.63750000016	0.19	1.1	1
225080.20000000016	0.16	1.3	1
225973.71250000017	0.17	1.2	1
226869.17500000016	0.15	1.2	1
227766.10000000015	0.22	0.9	1
228664.65000000014	0.2	1.0	1
229564.82500000013	0.2	1.0	1
230466.46250000014	0.21	0.9	1
231370.05000000013	0.16	1.2	1
232275.58750000014	0.18	1.2	1
233182.75000000015	0.21	1.0	1
234092.02500000014	0.15	1.3	1
235003.25000000015	0.16	1.2	1
235915.93750000015	0.2	0.9	1
236830.41250000015	0.19	1.1	1
237746.18750000015	0.22	0.8	1
238663.42500000013	0.21	0.9	1
239582.45000000013	0.18	1.1	1
240502.93750000012	0.2	0.9	1
241425.70000000013	0.18	1.4	1
242350.73750000013	0.15	1.4	1
243277.72500000012	0.17	1.2	1
244206.3375000001	0.21	1.0	1
245136.7375000001	0.16	1.1	1
246068.9250000001	0.17	1.1	1
247003.3875000001	0.13	1.4	1
247939.3125000001	0.21	0.9	1
248876.7000000001	0.23	0.9	1
249815.3875000001	0.24	0.8	1
250756.1875000001	0.14	1.3	1
251698.61250000008	0.21	1.0	1
252642.5000000001	0.2	0.9	1
253588.17500000008	0.18	1.1	1
254535.63750000007	0.18	1.1	1
255484.72500000006	0.21	1.0	1
256435.43750000006	0.2	1.0	1
257388.10000000006	0.18	1.2	1
258342.38750000007	0.19	1.0	1
259298.46250000008	0.18	1.1	1
260256.0000000001	0.21	0.9	1
261215.0000000001	0.23	0.9	1
262175.3000000001	0.25	0.8	1
263137.3875000001	0.18	1.1	1
264100.9375000001	0.2	0.9	1
265066.27500000014	0.19	1.1	1
266033.0750000001	0.21	0.9	1
267001.8250000001	0.17	1.2	1
267971.8750000001	0.22	0.8	1
268943.71250000014	0.18	1.1	1
269917.66250000015	0.15	1.3	1
270893.5625000002	0.17	1.2	1
271871.2500000002	0.17	1.1	1
272850.5625000002	0.2	1.0	1
273831.5000000002	0.2	1.0	1
274814.0625000002	0.19	1.0	1
275798.5750000002	0.17	1.2	1
276785.5250000002	0.15	1.5	1
277774.5875000002	0.16	1.3	1
278765.6000000002	0.15	1.2	1
279758.4000000002	0.19	1.1	1
280752.5000000002	0.24	0.8	1
281747.9000000002	0.23	0.8	1
282745.0875000002	0.19	1.1	1
283743.7375000002	0.21	0.9	1
284744.01250000024	0.22	1.0	1
285746.40000000026	0.15	1.3	1
286750.08750000026	0.23	0.8	1
287755.72500000027	0.16	1.2	1
288762.66250000027	0.24	0.8	1
289772.03750000027	0.12	1.5	1
290783.03750000027	0.21	1.0	1
291795.5000000003	0.22	0.9	1
292809.7500000003	0.18	1.1	1
293826.1125000003	0.15	1.3	1
294844.2625000003	0.18	1.1	1
295864.5250000003	0.15	1.3	1
296886.4125000003	0.2	1.0	1
297910.0875000003	0.17	1.1	1
298935.55000000034	0.18	1.1	1
299962.63750000036	0.19	1.0	1
300991.3500000004	0.18	1.0	1
302021.6875000004	0.19	1.0	1
303053.65000000043	0.2	1.0	1
304087.23750000045	0.2	1.0	1
305122.4500000005	0.18	1.0	1
306159.2875000005	0.2	1.0	1
307197.7500000005	0.2	1.0	1
308238.32500000054	0.17	1.3	1
309280.3625000005	0.21	0.9	1
310324.1875000005	0.17	1.1	1
311369.96250000055	0.16	1.2	1
312417.52500000055	0.17	1.1	1
313466.55000000057	0.22	0.9	1
314517.85000000056	0.14	1.4	1
315570.77500000055	0.21	1.0	1
316625.48750000057	0.18	1.1	1
317680.98750000057	0.17	1.1	1
318737.78750000056	0.22	0.8	1
319796.21250000055	0.19	1.0	1
320856.42500000057	0.2	1.1	1
321917.9375000006	0.24	0.8	1
322981.23750000057	0.18	1.1	1
324045.83750000055	0.23	0.8	1
325112.22500000056	0.18	1.1	1
326180.72500000056	0.15	1.3	1
327251.17500000057	0.15	1.2	1
328323.2500000006	0.2	1.0	1
329397.4375000006	0.16	1.3	1
330473.73750000057	0.16	1.3	1
331551.33750000055	0.22	0.8	1
332631.05000000057	0.18	1.3	1
333712.3875000006	0.18	1.0	1
334795.1875000006	0.2	0.9	1
335880.10000000056	0.16	1.3	1
336967.1250000006	0.15	1.3	1
338056.10000000056	0.17	1.2	1
339146.86250000057	0.19	1.1	1
340239.2500000006	0.2	1.0	1
341333.2625000006	0.18	1.0	1
342429.3875000006	0.16	1.3	1
343527.1375000006	0.19	1.0	1
344626.67500000057	0.18	1.1	1
345728.16250000056	0.17	1.2	1
346831.4375000006	0.19	1.1	1
347936.17500000057	0.19	0.9	1
349042.53750000056	0.2	1.0	1
350150.52500000055	0.18	1.0	1
351260.30000000057	0.17	1.1	1
352371.86250000057	0.17	1.1	1
353485.3750000006	0.16	1.2	1
354600.1875000006	0.25	0.8	1
355716.78750000056	0.18	1.1	1
356835.66250000056	0.15	1.4	1
357956.8125000006	0.14	1.4	1
359079.7500000006	0.18	1.1	1
360204.1500000006	0.21	0.9	1
361330.3375000006	0.18	1.1	1
362458.1500000006	0.19	1.0	1
363587.7500000006	0.18	1.1	1
364718.6500000006	0.25	0.8	1
365851.5000000006	0.16	1.2	1
366985.97500000056	0.21	1.0	1
368122.23750000057	0.17	1.1	1
369259.96250000055	0.2	0.9	1
370398.98750000057	0.23	0.8	1
371539.47500000056	0.2	0.9	1
372682.5625000006	0.14	1.6	1
373827.4375000006	0.19	1.1	1
374973.7750000006	0.23	0.9	1
376122.0625000006	0.18	1.2	1
377271.6500000006	0.21	0.8	1
378422.8625000006	0.21	1.0	1
379575.8625000006	0.19	1.1	1
380730.6500000006	0.19	1.1	1
381887.3875000006	0.18	1.2	1
383045.7500000006	0.19	1.0	1
384205.5750000006	0.22	0.9	1
385367.0250000006	0.19	1.0	1
386530.1000000006	0.21	1.0	1
387695.2875000006	0.15	1.3	1
388861.7750000006	0.23	0.8	1
390029.8875000006	0.18	1.0	1
391199.7875000006	0.16	1.1	1
392371.4750000006	0.19	1.1	1
393544.7875000006	0.19	1.0	1
394719.56250000064	0.21	0.9	1
395895.8000000006	0.2	0.9	1
397073.6625000006	0.18	1.0	1
398253.31250000064	0.18	1.1	1
399435.07500000065	0.13	1.3	1
400618.3000000006	0.21	0.9	1
401802.9875000006	0.2	0.9	1
402989.7875000006	0.15	1.3	1
404178.5375000006	0.19	1.2	1
405368.9125000006	0.2	1.0	1
406561.2375000006	0.18	1.2	1
407755.51250000065	0.15	1.2	1
408951.25000000064	0.21	0.9	1
410148.93750000064	0.16	1.2	1
411348.4125000006	0.16	1.1	1
412549.6750000006	0.16	1.1	1
413753.0500000006	0.15	1.3	1
414958.2125000006	0.18	1.1	1
416165.6500000006	0.14	1.4	1
417374.8750000006	0.2	1.1	1
418585.72500000056	0.2	1.0	1
419798.03750000056	0.23	0.9	1
421012.13750000054	0.18	1.1	1
422227.70000000054	0.22	0.9	1
423445.0500000005	0.17	1.1	1
424664.1875000005	0.18	1.1	1
425885.27500000055	0.18	1.2	1
427108.63750000054	0.15	1.4	1
428333.78750000056	0.17	1.1	1
429560.88750000054	0.17	1.2	1
430789.6125000005	0.2	1.0	1
432020.2875000005	0.15	1.2	1
433252.9125000005	0.17	1.2	1
434487.4875000005	0.15	1.2	1
435724.01250000054	0.18	1.2	1
436962.97500000056	0.13	1.5	1
438203.40000000055	0.23	0.9	1
439445.77500000055	0.15	1.2	1
440689.77500000055	0.19	1.0	1
441935.72500000056	0.16	1.2	1
443183.30000000057	0.2	1.0	1
444432.98750000057	0.15	1.3	1
445684.46250000055	0.19	1.1	1
446937.5625000005	0.19	1.0	1
448192.1250000005	0.2	0.9	1
449448.4750000005	0.19	1.1	1
450706.2875000005	0.22	0.9	1
451966.2125000005	0.15	1.3	1
453227.7625000005	0.19	1.0	1
454490.7750000005	0.2	0.9	1
455755.5750000005	0.18	1.1	1
457022.00000000047	0.19	1.0	1
458290.05000000045	0.18	1.0	1
459560.21250000043	0.14	1.3	1
460832.0000000004	0.19	1.0	1
462105.2500000004	0.2	0.9	1
463380.1250000004	0.2	1.0	1
464656.6250000004	0.18	1.0	1
465934.58750000043	0.21	0.9	1
467214.66250000044	0.15	1.3	1
468496.36250000045	0.2	1.0	1
469779.52500000043	0.19	0.9	1
471064.47500000044	0.17	1.1	1
472351.05000000045	0.2	1.0	1
473639.08750000043	0.2	0.9	1
474928.91250000044	0.18	1.1	1
476220.03750000044	0.23	0.8	1
477512.62500000047	0.2	0.9	1
478807.16250000044	0.19	1.2	1
480103.48750000045	0.18	1.1	1
481401.92500000045	0.15	1.3	1
482702.15000000043	0.17	1.1	1
484004.0000000004	0.2	1.0	1
485307.8000000004	0.15	1.2	1
486613.3875000004	0.17	1.1	1
487920.60000000044	0.2	1.0	1
489229.60000000044	0.21	1.1	1
490540.71250000043	0.16	1.3	1
491853.61250000045	0.17	1.1	1
493168.1375000005	0.21	1.0	1
494484.4500000005	0.17	1.1	1
495802.87500000047	0.15	1.3	1
497122.60000000044	0.24	0.8	1
498444.27500000043	0.16	1.2	1
499767.5750000004	0.2	1.0	1
501092.9875000004	0.14	1.3	1
502420.0250000004	0.19	1.0	1
503749.3375000004	0.16	1.4	1
505080.2750000004	0.2	1.0	1
506413.4875000004	0.14	1.4	1
507748.3250000004	0.2	1.0	1
509084.9500000004	0.18	1.1	1
510423.3625000004	0.16	1.1	1
511763.4000000004	0.21	1.0	1
513105.2250000004	0.2	1.1	1
514448.6750000004	0.2	1.0	1
515793.7500000004	0.19	1.0	1
517140.2875000004	0.21	0.9	1
518488.45000000036	0.19	1.0	1
519838.23750000034	0.21	1.0	1
521189.48750000034	0.22	0.9	1
522542.36250000034	0.18	1.0	1
523897.0250000003	0.18	1.1	1
525253.4750000003	0.18	1.1	1
526611.7125000004	0.18	1.1	1
527971.2500000003	0.25	0.8	1
529332.5750000003	0.18	1.1	1
530695.5250000003	0.19	1.0	1
532059.7750000003	0.25	0.8	1
533425.6500000003	0.18	1.0	1
534793.1500000003	0.21	1.0	1
536162.2750000003	0.19	1.0	1
537532.8625000003	0.22	0.9	1
538905.0750000003	0.2	1.0	1
540278.9125000003	0.19	1.0	1
541654.3750000003	0.21	1.0	1
543031.4625000004	0.2	1.0	1
544409.8500000003	0.24	0.8	1
545790.0250000004	0.16	1.1	1
547171.8250000004	0.19	1.0	1
548555.2500000005	0.19	1.0	1
549940.4625000005	0.16	1.1	1
551327.3000000005	0.21	1.0	1
552715.7625000005	0.18	1.0	1
554106.1750000005	0.18	1.2	1
555498.5375000006	0.16	1.2	1
556892.3625000005	0.21	0.9	1
558287.9750000006	0.16	1.1	1
559685.2125000006	0.19	1.0	1
561083.9125000006	0.22	0.9	1
562484.4000000006	0.18	1.1	1
563886.1875000006	0.25	0.8	1
565289.4375000006	0.22	0.9	1
566694.4750000006	0.19	1.1	1
568101.3000000005	0.18	1.1	1
569510.0750000005	0.17	1.2	1
570920.8000000005	0.17	1.2	1
572332.9875000005	0.2	0.9	1
573747.1250000005	0.16	1.2	1
575163.0500000005	0.18	1.1	1
576581.0875000005	0.15	1.3	1
578000.9125000004	0.18	1.1	1
579422.5250000005	0.2	1.1	1
580845.7625000005	0.2	1.0	1
582270.7875000006	0.18	1.1	1
583697.2750000006	0.23	0.9	1
585125.3875000007	0.2	1.0	1
586555.1250000007	0.2	1.0	1
587986.4875000007	0.21	1.0	1
589419.4750000008	0.19	1.0	1
590853.9250000007	0.2	0.9	1
592290.1625000008	0.17	1.1	1
593728.3500000008	0.17	1.2	1
595168.1625000008	0.18	1.0	1
596609.7625000008	0.16	1.1	1
598053.1500000007	0.18	1.1	1
599498.1625000007	0.19	1.0	1
600944.9625000007	0.17	1.1	1
602393.0625000007	0.21	0.8	1
603842.4625000007	0.23	0.8	1
605293.1625000007	0.25	0.8	1
606745.9750000007	0.17	1.3	1
608200.5750000007	0.2	1.1	1
609656.4750000007	0.23	0.8	1
611113.6750000006	0.23	0.8	1
612572.6625000007	0.18	1.1	1
614034.5750000007	0.11	1.8	1
615498.6000000007	0.16	1.3	1
616964.7375000006	0.16	1.3	1
618432.3375000006	0.22	0.9	1
619901.5625000006	0.19	1.0	1
621372.5750000005	0.17	1.1	1
622845.0500000005	0.24	0.9	1
624318.8250000005	0.27	0.8	1
625794.5500000005	0.16	1.2	1
627271.9000000005	0.2	1.0	1
628750.7125000005	0.21	0.9	1
630231.1500000005	0.19	1.0	1
631713.2125000005	0.21	1.0	1
633196.7375000005	0.21	0.9	1
634681.7250000006	0.23	0.9	1
636168.5000000006	0.18	1.1	1
637657.0625000006	0.17	1.1	1
639147.4125000006	0.17	1.1	1
640639.0625000006	0.21	0.8	1
642132.5000000006	0.18	1.1	1
643627.5625000006	0.19	1.0	1
645124.5750000005	0.17	1.2	1
646623.0500000005	0.19	0.9	1
648123.3125000005	0.16	1.1	1
649625.6875000005	0.15	1.3	1
651129.3625000005	0.21	0.8	1
652634.5000000005	0.22	0.9	1
654141.1000000004	0.2	0.9	1
655649.8125000005	0.15	1.3	1
657159.8250000004	0.23	0.8	1
658671.1375000004	0.22	0.8	1
660184.2375000004	0.2	1.1	1
661699.2875000004	0.18	1.2	1
663215.9625000005	0.19	1.0	1
664734.4250000005	0.18	1.1	1
666254.6750000005	0.18	1.1	1
667776.5500000005	0.21	1.0	1
669299.7250000006	0.23	0.8	1
670825.0125000005	0.15	1.3	1
672351.7625000005	0.22	0.9	1
673880.3000000005	0.17	1.1	1
675410.3000000005	0.21	0.9	1
676941.7625000005	0.22	0.9	1
678475.0125000005	0.18	1.1	1
680009.7250000006	0.2	0.9	1
681546.2250000006	0.17	1.1	1
683084.5125000005	0.18	1.1	1
684624.4250000005	0.19	1.0	1
686166.1250000005	0.19	1.1	1
687709.4500000004	0.17	1.0	1
689254.2375000004	0.23	0.9	1
690800.4875000004	0.22	0.9	1
692348.6875000003	0.16	1.2	1
693898.6750000004	0.19	1.1	1
695450.1250000003	0.21	0.9	1
697003.3625000004	0.17	1.1	1
698558.3875000004	0.17	1.1	1
700115.2000000004	0.17	1.1	1
701673.6375000004	0.2	1.0	1
703234.0250000004	0.17	1.2	1
704796.2000000004	0.17	1.1	1
706360.3250000004	0.18	1.2	1
707926.0750000004	0.18	1.0	1
709493.2875000004	0.2	0.9	1
711062.4500000004	0.16	1.2	1
712633.2375000004	0.19	1.0	1
714205.9750000004	0.16	1.2	1
715780.3375000005	0.19	1.0	1
717356.6500000005	0.21	1.2	1
718934.7500000005	0.19	1.1	1
720514.1500000005	0.22	0.8	1
722095.0125000005	0.21	0.9	1
723677.9875000005	0.15	1.3	1
725263.2375000005	0.14	1.4	1
726849.9500000005	0.2	0.9	1
728438.4500000005	0.18	1.1	1
730028.5750000005	0.2	1.0	1
731620.3250000005	0.2	1.0	1
733213.7000000005	0.19	1.0	1
734808.7000000005	0.19	1.0	1
736405.0000000006	0.22	0.8	1
738002.7625000005	0.21	0.9	1
739602.4750000006	0.16	1.2	1
741204.3000000005	0.15	1.3	1
742808.0750000005	0.16	1.2	1
744413.6375000005	0.18	1.1	1
746020.8250000005	0.2	1.0	1
747629.8000000005	0.17	1.1	1
749240.4000000005	0.18	1.0	1
750852.6250000005	0.18	1.0	1
752466.3125000005	0.21	0.9	1
754081.9500000004	0.15	1.2	1
755699.7000000004	0.15	1.3	1
757318.9125000004	0.2	0.9	1
758939.5875000005	0.24	0.9	1
760561.8875000005	0.19	1.0	1
762186.4625000005	0.14	1.4	1
763812.5000000005	0.21	0.9	1
765439.8375000005	0.22	0.8	1
767068.8000000005	0.18	1.0	1
768699.3875000005	0.19	1.0	1
770331.4375000006	0.22	0.9	1
771964.7875000006	0.22	0.8	1
773600.0875000006	0.17	1.2	1
775237.1750000006	0.19	1.1	1
776875.5625000006	0.23	0.8	1
778515.2500000006	0.24	0.8	1
780156.4000000006	0.21	0.9	1
781799.1750000006	0.19	1.0	1
783443.7375000006	0.16	1.1	1
785090.2500000006	0.18	1.2	1
786738.5500000006	0.18	1.1	1
788388.4750000007	0.2	1.0	1
790039.7000000007	0.22	0.8	1
791692.7125000006	0.17	1.1	1
793347.6750000006	0.17	1.2	1
795004.2625000007	0.18	1.0	1
796662.8000000006	0.18	1.2	1
798323.2875000007	0.17	1.2	1
799985.5625000007	0.18	1.1	1
801649.1375000007	0.24	0.8	1
803314.6625000007	0.16	1.2	1
804981.8125000007	0.2	1.0	1
806650.5875000007	0.19	1.0	1
808320.9875000007	0.2	1.0	1
809993.3375000007	0.16	1.2	1
811666.9875000007	0.23	0.8	1
813342.4250000007	0.17	1.1	1
815019.6500000007	0.18	1.1	1
816698.8250000008	0.17	1.2	1
818380.1125000007	0.15	1.3	1
820063.0250000007	0.19	1.0	1
821747.7250000007	0.16	1.1	1
823434.0500000006	0.2	1.0	1
825122.0000000006	0.2	1.0	1
826811.4125000006	0.21	0.9	1
828502.2875000006	0.2	0.9	1
830195.1125000005	0.18	1.2	1
831889.5625000005	0.18	1.0	1
833585.4750000004	0.21	0.9	1
835283.0125000004	0.19	1.0	1
836982.5000000005	0.17	1.2	1
838683.6125000005	0.18	1.0	1
840386.1875000005	0.2	0.9	1
842090.5500000005	0.17	1.1	1
843796.8625000005	0.18	1.2	1
845505.1250000005	0.17	1.2	1
847215.3375000005	0.15	1.2	1
848927.1750000005	0.2	1.0	1
850640.3125000005	0.22	0.8	1
852354.7500000005	0.22	0.8	1
854070.9750000004	0.17	1.1	1
855788.8250000004	0.21	1.0	1
857508.3000000004	0.18	1.0	1
859229.8875000004	0.15	1.3	1
860953.1000000004	0.2	1.0	1
862678.4250000004	0.14	1.3	1
864405.8625000004	0.14	1.3	1
866135.0875000004	0.17	1.1	1
867865.9375000003	0.19	1.0	1
869599.0625000003	0.15	1.4	1
871333.9750000003	0.19	1.1	1
873070.5125000003	0.22	1.0	1
874808.6750000003	0.19	1.0	1
876548.4625000003	0.18	1.0	1
878290.2000000003	0.18	1.2	1
880033.8875000003	0.16	1.2	1
881779.0375000003	0.19	0.9	1
883526.1375000003	0.17	1.2	1
885274.8625000003	0.17	1.0	1
887025.5375000003	0.17	1.2	1
888778.1625000003	0.16	1.2	1
890532.4125000003	0.2	1.0	1
892288.1250000003	0.21	0.9	1
894045.3000000004	0.2	0.9	1
895804.2625000004	0.17	1.1	1
897565.3375000004	0.16	1.3	1
899328.0375000003	0.19	1.0	1
901092.3625000003	0.19	1.0	1
902858.3125000002	0.19	1.0	1
904626.2125000003	0.17	1.2	1
906395.9000000003	0.18	1.1	1
908167.0500000003	0.2	0.9	1
909939.8250000003	0.2	1.0	1
911714.0625000003	0.22	0.9	1
913489.9250000004	0.21	1.0	1
915267.2500000003	0.22	0.9	1
917046.3625000004	0.17	1.1	1
918827.7500000003	0.16	1.4	1
920610.4375000003	0.22	0.8	1
922394.7500000003	0.2	1.0	1
924181.0125000003	0.17	1.2	1
925969.3875000003	0.16	1.3	1
927759.3875000003	0.2	1.0	1
929550.6875000003	0.26	0.8	1
931343.7750000004	0.2	1.1	1
933138.1625000003	0.23	0.8	1
934934.1750000003	0.19	1.0	1
936731.8125000002	0.2	1.0	1
938530.9125000002	0.2	0.9	1
940331.8000000002	0.19	1.1	1
942134.3125000001	0.2	1.0	1
943938.7750000001	0.18	1.2	1
945744.7000000002	0.22	0.9	1
947552.2500000002	0.19	1.0	1
949362.4000000003	0.11	1.6	1
951174.5000000002	0.15	1.2	1
952988.2250000002	0.19	1.0	1
954804.0625000002	0.14	1.3	1
956621.8500000002	0.16	1.2	1
958442.2375000002	0.13	1.6	1
960264.2500000001	0.18	1.0	1
962087.7250000001	0.2	0.9	1
963912.8250000001	0.2	1.0	1
965739.8750000001	0.18	1.2	1
967568.3875000001	0.2	0.9	1
969398.525	0.19	1.0	1
971230.125	0.22	0.9	1
973063.1875	0.2	0.9	1
974897.875	0.22	1.0	1
976734.1875	0.17	1.0	1
978571.8	0.22	0.8	1
980411.0375000001	0.2	1.0	1
982251.9000000001	0.18	1.0	1
984094.2250000001	0.21	0.9	1
985938.175	0.2	1.0	1
987783.9125000001	0.18	1.1	1
989631.4375000001	0.18	1.1	1
991480.4250000002	0.2	0.9	1
993331.0375000002	0.21	1.0	1
995183.7625000002	0.15	1.3	1
997038.4375000002	0.16	1.2	1
998894.7375000003	0.18	1.0	1
1000752.8250000003	0.17	1.1	1
1002612.7000000003	0.17	1.1	1
1004474.3625000003	0.18	1.1	1
1006337.8125000002	0.18	1.1	1
1008202.7250000002	0.23	0.9	1
1010069.2625000002	0.21	1.0	1
1011937.9125000002	0.16	1.3	1
1013808.1875000002	0.18	1.0	1
1015680.0875000003	0.19	1.0	1
1017553.9375000002	0.16	1.2	1
1019429.7375000003	0.17	1.2	1
1021307.1625000003	0.2	1.0	1
1023186.8625000003	0.14	1.4	1
1025068.1875000002	0.2	1.0	1
1026951.6250000002	0.15	1.3	1
1028836.5250000003	0.2	0.9	1
1030723.3750000002	0.17	1.2	1
1032612.0125000002	0.19	1.1	1
1034502.9250000002	0.15	1.4	1
1036395.3000000002	0.21	0.9	1
1038289.6250000001	0.15	1.2	1
1040185.4125000001	0.2	0.9	1
1042083.3125000001	0.15	1.3	1
1043982.8375000001	0.2	1.0	1
1045884.3125000001	0.16	1.2	1
1047787.5750000001	0.19	1.1	1
1049692.7875	0.15	1.2	1
1051599.3	0.24	0.8	1
1053508.0875000001	0.15	1.4	1
1055418.3375000001	0.2	0.9	1
1057331.0250000001	0.13	1.5	1
1059245.3375000001	0.19	1.0	1
1061160.9500000002	0.22	0.8	1
1063078.0250000001	0.21	0.9	1
1064996.4000000001	0.24	0.8	1
1066917.05	0.15	1.4	1
1068839.325	0.21	1.0	1
1070763.0625	0.21	0.9	1
1072688.425	0.2	1.0	1
1074615.4125	0.2	1.0	1
1076544.35	0.15	1.2	1
1078474.9125	0.18	1.0	1
1080407.2625000002	0.18	1.1	1
1082341.725	0.15	1.3	1
1084277.6500000001	0.22	0.9	1
1086215.0375	0.2	0.9	1
1088154.05	0.18	1.0	1
1090095.0125	0.2	1.2	1
1092037.4375	0.22	0.9	1
1093981.4875	0.21	1.0	1
1095927.1625	0.21	1.0	1
1097874.3	0.21	0.9	1
1099823.3875	0.15	1.2	1
1101774.2625	0.18	1.1	1
1103726.5999999999	0.22	0.9	1
1105680.4	0.2	0.9	1
1107635.9874999998	0.18	1.1	1
1109593.525	0.17	1.2	1
1111552.6875	0.18	1.0	1
1113513.6375	0.17	1.1	1
1115476.5374999999	0.16	1.2	1
1117440.9	0.19	0.9	1
1119406.7249999999	0.21	0.9	1
1121374.825	0.15	1.4	1
1123344.7125	0.19	1.1	1
1125315.9	0.24	0.8	1
1127288.7125	0.18	1.0	1
1129263.4749999999	0.16	1.2	1
1131240.5125	0.18	1.4	1
1133219.5	0.17	1.2	1
1135200.275	0.17	1.1	1
1137183.0	0.19	1.2	1
1139167.1875	0.22	0.9	1
1141153.0	0.2	1.0	1
1143140.4375	0.18	1.0	1
1145130.475	0.12	1.6	1
1147121.975	0.2	0.9	1
1149114.9375	0.21	0.9	1
1151109.3625	0.2	0.9	1
1153105.0875000001	0.27	0.8	1
1155102.4375000002	0.19	1.0	1
1157101.2500000002	0.2	0.9	1
1159101.5250000001	0.22	0.9	1
1161103.9125	0.16	1.3	1
1163107.925	0.21	1.0	1
1165113.8875	0.16	1.2	1
1167121.6375	0.19	1.1	1
1169131.3375	0.16	1.2	1
1171143.15	0.15	1.3	1
1173156.75	0.19	1.1	1
1175172.1375	0.18	1.1	1
1177189.3125	0.17	1.1	1
1179208.1125	0.19	1.0	1
1181228.375	0.22	0.9	1
1183250.2625	0.19	1.0	1
1185273.775	0.19	1.0	1
1187298.9124999999	0.2	1.0	1
1189325.5125	0.22	0.9	1
1191353.9	0.19	1.1	1
1193384.2374999998	0.17	1.2	1
1195416.1999999997	0.19	1.0	1
1197449.7874999996	0.2	1.0	1
1199485.1624999996	0.18	1.1	1
1201521.9999999995	0.2	0.9	1
1203560.7874999996	0.17	1.2	1
1205601.6874999995	0.15	1.3	1
1207644.2124999994	0.2	1.0	1
1209688.8499999994	0.16	1.3	1
1211735.1124999993	0.2	1.0	1
1213782.8374999994	0.21	0.9	1
1215832.1874999995	0.2	1.0	1
1217883.8124999995	0.13	1.4	1
1219937.0624999995	0.17	1.0	1
1221992.2624999995	0.16	1.2	1
1224049.0874999994	0.19	1.0	1
1226107.5374999994	0.2	1.0	1
1228167.6124999993	0.2	1.0	1
1230229.1499999994	0.21	0.9	1
1232292.1499999994	0.22	0.9	1
1234356.9374999995	0.19	1.1	1
1236423.6749999996	0.14	1.2	1
1238492.0374999996	0.2	1.0	1
1240562.1874999995	0.19	1.1	1
1242634.4499999995	0.15	1.3	1
1244708.3374999994	0.21	1.0	1
1246783.8499999994	0.18	1.0	1
1248861.1499999994	0.17	1.1	1
1250939.9124999994	0.21	0.9	1
1253020.6249999993	0.16	1.2	1
1255103.1249999993	0.16	1.1	1
1257187.5749999993	0.18	1.2	1
1259273.3249999993	0.24	0.8	1
1261360.8624999993	0.18	1.1	1
1263450.1874999993	0.18	1.1	1
1265540.9749999994	0.23	0.9	1
1267633.5499999993	0.18	1.1	1
1269727.7499999993	0.19	1.0	1
1271823.5749999993	0.19	1.0	1
1273920.8624999993	0.21	0.9	1
1276019.6124999993	0.2	0.9	1
1278120.1499999994	0.17	1.1	1
1280223.2874999994	0.16	1.6	1
1282328.0499999993	0.19	1.0	1
1284434.5999999994	0.18	1.1	1
1286542.7749999994	0.19	1.0	1
1288652.4124999994	0.24	0.9	1
1290763.6749999993	0.19	1.0	1
1292876.5624999993	0.2	1.0	1
1294991.2374999993	0.16	1.1	1
1297107.3749999993	0.2	0.9	1
1299225.1374999993	0.18	1.0	1
1301344.8499999992	0.17	1.2	1
1303466.674999999	0.16	1.3	1
1305590.2874999992	0.18	1.1	1
1307716.0124999993	0.15	1.3	1
1309843.6874999993	0.16	1.2	1
1311973.4749999994	0.16	1.3	1
1314105.3749999993	0.15	1.3	1
1316239.2249999994	0.16	1.2	1
1318374.5374999994	0.23	0.9	1
1320511.3124999993	0.2	0.9	1
1322649.8749999993	0.18	1.1	1
1324790.2249999994	0.17	1.1	1
1326932.3624999993	0.16	1.1	1
1329076.1249999993	0.2	1.0	1
1331221.6749999993	0.18	1.1	1
1333368.5249999994	0.22	0.8	1
1335516.9999999995	0.21	1.0	1
1337666.9374999995	0.2	0.9	1
1339818.1749999996	0.24	0.8	1
1341970.8749999995	0.22	0.9	1
1344126.3374999994	0.15	1.7	1
1346283.0999999994	0.24	0.8	1
1348441.6499999994	0.18	1.1	1
1350601.6624999994	0.21	0.9	1
1352763.4624999994	0.19	1.1	1
1354927.0499999993	0.2	1.1	1
1357092.2624999993	0.19	1.0	1
1359258.9374999993	0.22	0.9	1
1361426.9124999994	0.22	0.8	1
1363596.8374999994	0.17	1.2	1
1365768.5499999993	0.18	1.1	1
1367942.3749999993	0.15	1.3	1
1370117.8249999993	0.18	1.0	1
1372295.7124999992	0.13	1.5	1
1374475.3874999993	0.17	1.1	1
1376656.3624999993	0.22	0.8	1
1378838.9624999994	0.2	1.0	1
1381023.1874999995	0.19	1.0	1
1383208.8749999995	0.2	0.9	1
1385395.8624999996	0.22	0.8	1
1387584.1499999997	0.23	0.8	1
1389773.8999999997	0.2	0.9	1
1391965.5999999996	0.16	1.2	1
1394159.5749999997	0.15	1.4	1
1396355.0124999997	0.22	0.9	1
1398552.0749999997	0.19	1.0	1
1400750.9249999998	0.19	1.1	1
1402951.2374999998	0.25	0.9	1
1405152.8499999999	0.22	0.8	1
1407356.0875	0.18	1.0	1
1409560.95	0.18	1.0	1
1411767.7625	0.15	1.2	1
1413976.3625	0.18	1.1	1
1416187.4000000001	0.16	1.5	1
1418399.9000000001	0.2	0.9	1
1420613.7000000002	0.24	0.8	1
1422829.6125000003	0.15	1.3	1
1425047.1500000004	0.19	1.0	1
1427266.4750000003	0.17	1.1	1
1429487.4250000003	0.19	1.0	1
1431709.8375000004	0.19	0.9	1
1433933.8750000005	0.19	1.0	1
1436159.5375000006	0.2	1.0	1
1438386.6625000006	0.18	0.9	1
1440615.2500000005	0.23	0.9	1
1442845.1375000004	0.24	0.8	1
1445076.3250000004	0.25	0.8	1
1447309.3000000005	0.18	1.1	1
1449543.5750000004	0.21	0.8	1
1451779.4750000003	0.21	1.0	1
1454017.0000000002	0.2	1.0	1
1456256.1500000001	0.18	1.0	1
1458497.2500000002	0.16	1.2	1
1460739.9750000003	0.19	1.0	1
1462984.1625000003	0.21	0.9	1
1465229.8125000002	0.2	0.9	1
1467477.4125000003	0.17	1.2	1
1469726.8000000003	0.17	1.1	1
1471977.9750000003	0.18	1.1	1
1474230.6125000003	0.22	0.9	1
1476485.3625000003	0.15	1.3	1
1478741.9000000004	0.16	1.1	1
1481000.0625000005	0.19	1.0	1
1483259.8500000006	0.19	1.0	1
1485521.5875000006	0.17	1.2	1
1487784.7875000006	0.22	0.9	1
1490049.7750000006	0.18	1.1	1
1492316.7125000006	0.17	1.2	1
1494584.9500000007	0.24	0.8	1
1496854.9750000006	0.18	1.1	1
1499126.4625000006	0.21	0.9	1
1501399.7375000005	0.17	1.1	1
1503674.3125000005	0.23	0.8	1
1505950.8375000004	0.16	1.2	1
1508229.1500000004	0.18	1.1	1
1510509.5750000004	0.16	1.3	1
1512791.6250000005	0.21	1.0	1
1515075.9500000004	0.14	1.4	1
1517362.0625000005	0.18	1.1	1
1519649.8000000005	0.19	1.0	1
1521939.1625000006	0.2	1.0	1
1524230.1500000006	0.18	1.0	1
1526523.0875000006	0.16	1.2	1
1528817.6500000006	0.19	1.0	1
1531113.5125000007	0.22	0.8	1
1533411.0000000007	0.19	1.0	1
1535709.9500000007	0.2	0.9	1
1538010.5250000006	0.19	1.0	1
1540313.0500000005	0.16	1.2	1
1542617.2000000004	0.18	1.0	1
1544922.9750000003	0.21	1.0	1
1547230.3750000002	0.21	1.0	1
1549539.5625000002	0.17	1.1	1
1551850.0500000003	0.23	0.8	1
1554162.3250000002	0.19	1.1	1
1556476.0625000002	0.21	0.9	1
1558791.7500000002	0.15	1.2	1
1561108.7375000003	0.23	0.8	1
1563427.8375000004	0.16	1.3	1
1565748.5625000005	0.17	1.0	1
1568071.4000000004	0.14	1.3	1
1570395.7000000004	0.22	0.9	1
1572721.4625000004	0.19	0.9	1
1575048.8500000003	0.19	1.0	1
1577378.6750000003	0.13	1.5	1
1579709.9625000004	0.21	0.9	1
1582043.5250000004	0.15	1.4	1
1584378.5500000003	0.22	0.9	1
1586715.2000000002	0.19	1.0	1
1589053.3125000002	0.2	0.9	1
1591392.8875000002	0.22	0.9	1
1593733.9250000003	0.22	0.9	1
1596076.4250000003	0.22	0.9	1
1598420.5500000003	0.18	1.0	1
1600766.4625000004	0.18	1.1	1
1603113.8375000004	0.22	0.9	1
1605462.8375000004	0.19	1.0	1
1607812.3000000003	0.21	0.9	1
1610163.2250000003	0.22	0.9	1
1612515.7750000004	0.21	1.0	1
1614869.7875000003	0.2	0.9	1
1617225.5875000004	0.17	1.1	1
1619583.1750000003	0.19	1.1	1
1621942.3875000002	0.19	1.0	1
1624303.3875000002	0.16	1.1	1
1626665.85	0.2	0.9	1
1629029.9375	0.17	1.0	1
1631395.4875	0.2	0.9	1
1633762.825	0.17	1.1	1
1636131.7874999999	0.18	1.0	1
1638502.5374999999	0.17	1.1	1
1640874.5875	0.22	0.8	1
1643248.2625	0.2	1.0	1
1645623.2375	0.23	0.8	1
1648000.6500000001	0.15	1.5	1
1650379.6875000002	0.19	1.0	1
1652760.8375000001	0.14	1.3	1
1655143.2875	0.22	0.8	1
1657527.2000000002	0.2	0.9	1
1659912.5750000002	0.2	0.9	1
1662299.5750000002	0.19	1.0	1
1664688.3625000003	0.17	1.1	1
1667079.1000000003	0.18	1.2	1
1669471.4625000004	0.19	1.0	1
1671865.7750000004	0.15	1.2	1
1674261.3875000004	0.22	0.8	1
1676658.4625000004	0.21	0.9	1
1679057.4875000003	0.17	1.2	1
1681458.3000000003	0.18	1.1	1
1683860.7375000003	0.18	1.0	1
1686264.8000000003	0.21	1.0	1
1688670.3250000002	0.2	0.9	1
1691077.8000000003	0.17	1.2	1
1693486.7375000003	0.2	0.9	1
1695897.6250000002	0.16	1.2	1
1698310.4625000001	0.16	1.2	1
1700725.0875000001	0.17	1.1	1
1703141.0125000002	0.2	0.8	1
1705559.2125000001	0.15	1.4	1
1707978.8750000002	0.19	0.9	1
1710399.8375000001	0.25	0.8	1
1712822.1	0.22	0.8	1
1715245.8250000002	0.2	0.9	1
1717671.0125000002	0.2	0.9	1
1720097.6625	0.2	0.9	1
1722525.7750000001	0.21	0.9	1
1724956.1625	0.13	1.4	1
1727388.0125000002	0.2	0.9	1
1729821.4875000003	0.16	1.0	1
1732256.2625000002	0.22	0.8	1
1734692.5000000002	0.19	0.9	1
1737130.3625000003	0.18	1.0	1
1739569.6875000002	0.23	0.9	1
1742010.9625000001	0.16	1.2	1
1744453.7000000002	0.23	0.9	1
1746898.3875000002	0.16	1.2	1
1749344.7000000002	0.18	1.0	1
1751792.6375000002	0.18	1.0	1
1754242.2000000002	0.19	1.0	1
1756693.225	0.2	0.9	1
1759145.875	0.19	1.0	1
1761600.15	0.19	1.0	1
1764056.375	0.14	1.2	1
1766514.225	0.18	1.0	1
1768973.7000000002	0.19	1.0	1
1771434.475	0.22	0.8	1
1773896.7125000001	0.2	0.9	1
1776360.2500000002	0.21	0.8	1
1778825.4125000003	0.17	1.0	1
1781292.6875000002	0.16	1.3	1
1783761.5875000001	0.19	1.0	1
1786232.1125	0.18	1.0	1
1788704.425	0.16	1.1	1
1791178.0375	0.23	0.8	1
1793653.4375	0.17	1.1	1
1796130.4625	0.19	1.0	1
1798609.1124999998	0.2	1.0	1
1801089.2249999999	0.2	0.9	1
1803570.6375	0.2	0.8	1
1806054.0	0.16	1.2	1
1808538.825	0.18	0.9	1
1811024.95	0.22	0.8	1
1813512.7	0.2	1.0	1
1816002.2375	0.17	1.1	1
1818493.5625	0.17	1.1	1
1820986.5125	0.18	1.0	1
1823481.25	0.18	1.1	1
1825977.2875	0.21	0.8	1
1828475.2750000001	0.18	1.2	1
1830974.5625000002	0.23	0.8	1
1833475.8000000003	0.16	1.2	1
1835978.5000000002	0.19	0.9	1
1838483.4750000003	0.14	1.4	1
1840990.0750000004	0.19	1.0	1
1843497.9750000003	0.22	0.8	1
1846007.3375000004	0.2	0.9	1
1848518.1625000003	0.19	0.9	1
1851030.2875000003	0.24	0.8	1
1853544.0375000003	0.19	1.0	1
1856059.2500000002	0.21	0.9	1
1858576.2500000002	0.16	1.1	1
1861094.7125000001	0.19	0.9	1
1863614.9625000001	0.17	1.1	1
1866137.0000000002	0.17	1.1	1
1868660.8250000002	0.17	1.1	1
1871186.2750000001	0.17	1.0	1
1873713.1875000002	0.2	0.9	1
1876242.0500000003	0.16	1.2	1
1878772.2125000004	0.21	0.8	1
1881303.8375000004	0.21	0.9	1
1883837.4125000003	0.17	1.2	1
1886372.2875000003	0.23	0.8	1
1888908.4625000004	0.23	0.8	1
1891446.2625000004	0.17	1.0	1
1893985.6875000005	0.19	1.0	1
1896526.7375000005	0.2	1.0	1
1899069.2500000005	0.19	0.9	1
1901613.8750000005	0.14	1.3	1
1904160.1250000005	0.18	1.0	1
1906708.0000000005	0.18	1.0	1
1909257.3375000004	0.21	0.9	1
1911808.4625000004	0.19	1.1	1
1914361.3750000005	0.17	1.1	1
1916915.9125000006	0.17	1.0	1
1919472.0750000007	0.19	1.0	1
1922030.0250000006	0.16	1.1	1
1924589.2750000006	0.22	0.8	1
1927150.1500000006	0.18	1.0	1
1929712.4875000005	0.19	0.9	1
1932276.2875000006	0.21	0.9	1
1934841.5500000005	0.2	0.9	1
1937408.6000000006	0.19	1.1	1
