2.1836	0.14	1.4	1
5.9286	0.19	1.0	1
11.3905	0.17	1.1	1
20.1249	0.1	2.1	1
30.8873	0.14	1.3	1
44.6111	0.11	1.9	1
59.896300000000004	0.2	1.0	1
77.054	0.16	1.2	1
96.2397	0.13	1.3	1
116.8312	0.21	0.9	1
138.6729	0.23	0.8	1
162.8537	0.14	1.5	1
188.5959	0.19	1.0	1
215.7439	0.2	0.9	1
244.7644	0.17	1.2	1
275.5018	0.17	1.1	1
307.4894	0.21	0.8	1
342.59389999999996	0.12	2.0	1
379.2598	0.19	1.0	1
417.3315	0.22	0.9	1
456.809	0.21	0.9	1
498.4701	0.14	1.4	1
541.537	0.21	0.9	1
586.3208000000001	0.16	1.1	1
632.9771000000001	0.16	1.2	1
681.5059000000001	0.16	1.2	1
731.9072000000001	0.16	1.2	1
785.2699000000001	0.11	1.9	1
840.1940000000001	0.19	1.0	1
896.5239	0.21	0.9	1
956.1263	0.1	2.1	1
1017.4456	0.17	1.1	1
1080.3263	0.19	1.0	1
1144.7684	0.19	1.0	1
1211.0829999999999	0.16	1.2	1
1279.1145	0.18	1.1	1
1349.9517999999998	0.13	1.8	1
1422.9726999999998	0.15	1.4	1
1497.5549999999998	0.19	1.0	1
1574.0097999999998	0.15	1.2	1
1652.0259999999998	0.17	1.0	1
1732.5368999999998	0.13	1.6	1
1814.2979999999998	0.25	0.8	1
1897.4648999999997	0.2	0.9	1
1982.1931999999997	0.2	1.0	1
2068.3273	0.21	0.9	1
2156.3339	0.15	1.2	1
2246.213	0.15	1.2	1
2337.809	0.16	1.1	1
2431.433	0.14	1.3	1
2526.9295	0.16	1.2	1
2624.2985000000003	0.16	1.2	1
2723.0733000000005	0.2	0.9	1
2823.5650000000005	0.17	1.1	1
2925.6181000000006	0.17	1.0	1
3030.0103000000004	0.13	1.5	1
3135.9639	0.18	1.0	1
3243.6344000000004	0.17	1.1	1
3353.9551000000006	0.13	1.7	1
3465.9927000000007	0.18	1.1	1
3579.591700000001	0.19	1.0	1
3694.596500000001	0.2	0.9	1
3811.784900000001	0.14	1.4	1
3930.379100000001	0.19	0.9	1
4050.534700000001	0.18	1.0	1
4172.4072000000015	0.16	1.1	1
4295.996600000001	0.18	1.1	1
4421.147400000002	0.19	1.0	1
4547.5484000000015	0.21	0.8	1
4677.533000000001	0.1	2.3	1
4809.0790000000015	0.19	1.0	1
4942.186400000001	0.18	1.0	1
5077.010700000002	0.18	1.1	1
5214.796400000002	0.11	1.9	1
5356.321200000002	0.09	2.4	1
5499.407400000002	0.18	1.0	1
5644.210500000002	0.18	1.1	1
5790.8861000000015	0.19	1.2	1
5939.123100000002	0.18	1.0	1
6090.010300000002	0.12	1.7	1
6244.014400000002	0.12	2.0	1
6399.891000000001	0.15	1.2	1
6557.3290000000015	0.18	1.0	1
6716.483900000001	0.18	1.1	1
6879.066800000001	0.11	2.2	1
7043.055500000001	0.21	0.9	1
7209.850000000001	0.13	1.8	1
7378.205900000001	0.18	1.0	1
7548.745400000001	0.16	1.4	1
7720.846300000001	0.2	1.0	1
7894.353000000001	0.2	0.9	1
8069.265500000001	0.2	0.9	1
8245.894900000001	0.16	1.1	1
8424.2412	0.17	1.1	1
8604.6155	0.15	1.3	1
8788.2623	0.09	2.1	1
8973.7816	0.16	1.2	1
9160.7067	0.2	0.9	1
9349.3487	0.18	1.1	1
9541.107600000001	0.1	2.0	1
9734.583400000001	0.17	1.1	1
9931.020600000002	0.11	1.9	1
10129.641400000002	0.17	1.4	1
10329.979100000002	0.18	1.1	1
10531.722600000003	0.19	0.9	1
10734.871900000002	0.21	0.9	1
10940.671400000001	0.13	1.7	1
11148.343400000002	0.18	1.2	1
11359.132300000001	0.12	2.0	1
11572.260300000002	0.13	1.5	1
11787.416300000003	0.15	1.3	1
12004.444800000003	0.15	1.2	1
12223.034700000004	0.2	1.0	1
12443.030400000003	0.21	0.9	1
12665.054100000003	0.16	1.3	1
12888.794700000002	0.17	1.1	1
13114.252200000003	0.19	1.1	1
13340.959900000003	0.23	0.8	1
13569.229000000003	0.17	1.0	1
13799.059500000003	0.18	1.0	1
14031.384700000002	0.14	1.6	1
14265.271300000002	0.19	1.0	1
14500.874800000001	0.16	1.1	1
14738.195200000002	0.17	1.1	1
14977.077000000001	0.18	1.0	1
15217.5202	0.19	1.0	1
15461.235900000001	0.11	2.1	1
15707.290700000001	0.13	1.5	1
15954.906900000002	0.18	1.0	1
16204.0845	0.21	1.0	1
16454.823500000002	0.21	1.0	1
16707.123900000002	0.19	1.0	1
16962.074500000002	0.12	1.7	1
17219.0531	0.14	1.3	1
17477.593100000002	0.17	1.0	1
17737.3833	0.21	0.8	1
17998.5793	0.21	0.9	1
18262.581100000003	0.11	1.8	1
18528.144300000004	0.2	1.0	1
18795.113300000005	0.21	0.9	1
19063.954800000003	0.16	1.2	1
19335.135400000003	0.14	1.5	1
19608.966200000003	0.12	1.7	1
19884.202800000003	0.22	0.9	1
20161.0008	0.19	1.0	1
20439.049000000003	0.24	0.8	1
20718.503000000004	0.22	0.9	1
20999.362800000003	0.21	0.9	1
21282.095100000002	0.19	1.2	1
21566.699900000003	0.16	1.2	1
21852.866100000003	0.17	1.0	1
22140.438100000003	0.21	0.9	1
22429.882600000004	0.16	1.2	1
22720.888500000005	0.2	1.0	1
23013.300200000005	0.21	0.9	1
23307.273300000004	0.18	1.0	1
23603.430000000004	0.16	1.4	1
23902.548100000004	0.11	1.9	1
24203.694200000005	0.15	1.3	1
24506.401700000006	0.18	1.0	1
24811.448300000007	0.13	1.5	1
25120.078500000007	0.1	2.3	1
25430.270100000005	0.21	1.0	1
25742.178600000007	0.17	1.1	1
26055.959600000006	0.15	1.2	1
26372.702000000005	0.11	1.9	1
26692.405800000004	0.12	1.9	1
27013.359800000006	0.21	0.8	1
27335.719600000004	0.2	0.9	1
27660.418500000003	0.13	1.5	1
27986.367600000005	0.21	0.8	1
28313.878100000005	0.2	1.0	1
28642.950000000004	0.19	1.0	1
28974.205500000004	0.14	1.4	1
29307.022400000005	0.19	1.0	1
29641.711800000005	0.15	1.2	1
29979.051400000004	0.14	1.7	1
30317.796800000004	0.21	0.9	1
30657.948000000004	0.21	0.9	1
30999.971700000006	0.15	1.2	1
31343.556800000006	0.2	1.0	1
31688.703300000005	0.18	1.0	1
32035.411200000006	0.19	1.0	1
32384.769300000007	0.13	1.7	1
32736.933200000007	0.12	1.8	1
33090.814000000006	0.17	1.1	1
33448.4339	0.09	2.4	1
33807.4596	0.2	0.9	1
34168.357800000005	0.16	1.2	1
34530.6618	0.2	0.9	1
34896.238300000005	0.11	2.1	1
35263.687300000005	0.17	1.2	1
35633.3199	0.16	1.4	1
36004.6694	0.16	1.1	1
36377.7358	0.18	1.1	1
36752.830200000004	0.16	1.3	1
37129.486000000004	0.19	1.0	1
37507.858700000004	0.18	1.1	1
37888.5705	0.15	1.5	1
38270.5325	0.2	0.8	1
38653.9003	0.22	0.9	1
39038.985	0.17	1.1	1
39425.4755	0.21	0.9	1
39813.5274	0.19	1.0	1
40202.9851	0.21	0.9	1
40594.315299999995	0.16	1.2	1
40987.6735	0.14	1.3	1
41382.9042	0.15	1.2	1
41779.8518	0.17	1.1	1
42178.516299999996	0.19	1.1	1
42578.431	0.24	0.8	1
42979.9071	0.18	1.0	1
43382.789	0.21	0.9	1
43787.232299999996	0.18	1.0	1
44193.236999999994	0.18	1.0	1
44601.114199999996	0.15	1.2	1
45010.7083	0.18	1.1	1
45422.0193	0.17	1.1	1
45834.5805	0.21	0.8	1
46248.54749999999	0.21	0.9	1
46664.542499999996	0.17	1.3	1
47081.9433	0.18	0.9	1
47501.2166	0.16	1.2	1
47923.2957	0.12	1.8	1
48346.936200000004	0.19	1.0	1
48772.9158	0.16	1.5	1
49200.6123	0.17	1.1	1
49630.6479	0.14	1.5	1
50062.711500000005	0.15	1.3	1
50496.336500000005	0.2	1.0	1
50932.76730000001	0.12	1.8	1
51370.448300000004	0.24	0.8	1
51809.69070000001	0.19	1.0	1
52251.116700000006	0.17	1.4	1
52694.104100000004	0.19	1.0	1
53138.8084	0.17	1.1	1
53584.9185	0.22	0.9	1
54032.59	0.21	1.0	1
54481.9784	0.17	1.1	1
54932.9282	0.18	1.0	1
55385.4394	0.18	1.0	1
55839.6675	0.16	1.1	1
56295.457	0.19	1.0	1
56752.9634	0.18	1.1	1
57211.8756	0.21	0.9	1
57672.8158	0.19	1.3	1
58135.784	0.14	1.3	1
58600.6247	0.16	1.2	1
59068.5823	0.11	2.0	1
59538.4124	0.14	1.2	1
60010.115	0.18	1.2	1
60483.0678	0.23	0.8	1
60957.4264	0.21	0.9	1
61433.1908	0.2	0.9	1
61910.516599999995	0.19	1.0	1
62389.40379999999	0.19	1.0	1
62870.474599999994	0.14	1.4	1
63353.106799999994	0.19	1.0	1
63836.989199999996	0.25	0.8	1
64322.5885	0.18	1.1	1
64809.7492	0.2	1.0	1
65298.3157	0.2	0.9	1
65788.4436	0.19	1.0	1
66280.5995	0.15	1.3	1
66774.3168	0.19	1.0	1
67269.5955	0.18	1.0	1
67766.4356	0.18	1.0	1
68265.1482	0.15	1.2	1
68765.8888	0.17	1.3	1
69268.3463	0.18	1.1	1
69772.2096	0.21	0.9	1
70277.6343	0.19	1.0	1
70784.3092	0.22	0.8	1
71292.2343	0.22	0.8	1
71801.5652	0.2	0.9	1
72312.4575	0.19	1.0	1
72825.06670000001	0.17	1.1	1
73339.70390000001	0.14	1.3	1
73855.90250000001	0.19	1.0	1
74374.1291	0.14	1.3	1
74894.3837	0.14	1.3	1
75417.5997	0.11	1.9	1
75942.37710000001	0.19	1.0	1
76469.18250000001	0.15	1.3	1
76997.23810000002	0.22	0.8	1
77527.47730000001	0.13	1.4	1
78059.12230000002	0.2	0.9	1
78592.48420000002	0.17	1.1	1
79127.09630000002	0.21	0.8	1
79663.42530000002	0.17	1.1	1
80201.16010000002	0.2	0.9	1
80740.61180000003	0.18	1.1	1
81281.78040000003	0.18	1.1	1
81824.35480000003	0.2	0.9	1
82368.80170000003	0.16	1.2	1
82914.49880000003	0.22	0.8	1
83461.91280000003	0.17	1.1	1
84011.35480000003	0.16	1.3	1
84562.51370000002	0.17	1.1	1
85115.07840000003	0.2	0.9	1
85668.89330000003	0.22	0.8	1
86225.04730000002	0.16	1.5	1
86782.60710000002	0.19	0.9	1
87341.57270000002	0.2	0.9	1
87902.09970000002	0.17	1.0	1
88464.03250000002	0.2	0.9	1
89027.37110000002	0.2	0.9	1
89592.73770000001	0.16	1.3	1
90160.59900000002	0.13	1.6	1
90729.86610000001	0.2	0.9	1
91300.38340000002	0.24	0.8	1
91872.61760000003	0.18	1.1	1
92447.19090000003	0.13	1.5	1
93024.41440000002	0.12	1.7	1
93604.44370000002	0.13	1.8	1
94186.18990000001	0.18	1.1	1
94769.18630000002	0.24	0.8	1
95351.05520000002	0.17	1.2	1
95934.32990000001	0.22	0.9	1
96519.3215	0.18	1.1	1
97105.7189	0.21	0.9	1
97693.9888	0.16	1.2	1
98283.66450000001	0.22	0.9	1
98874.90160000001	0.18	1.0	1
99467.54450000002	0.22	0.9	1
100062.05990000002	0.17	1.2	1
100658.75890000002	0.14	1.4	1
101257.33040000002	0.17	1.2	1
101857.30770000002	0.22	0.9	1
102458.69080000003	0.21	0.9	1
103061.79080000003	0.18	1.1	1
103667.07440000003	0.16	1.4	1
104273.91940000003	0.2	1.0	1
104882.17020000002	0.21	0.9	1
105491.82680000002	0.23	0.9	1
106103.51140000002	0.16	1.3	1
106716.60180000002	0.22	0.9	1
107331.87580000002	0.15	1.4	1
107949.17780000002	0.15	1.3	1
108568.35230000001	0.16	1.2	1
109189.2437	0.18	1.1	1
109811.5409	0.2	0.9	1
110435.39950000001	0.2	1.0	1
111060.81950000001	0.21	1.0	1
111687.80090000002	0.19	1.0	1
112316.34370000001	0.2	1.0	1
112946.29230000002	0.22	0.9	1
113577.49110000001	0.22	0.8	1
114210.40680000001	0.19	1.1	1
114844.88390000002	0.2	1.0	1
115481.23350000002	0.15	1.2	1
116119.76670000002	0.14	1.4	1
116759.86130000002	0.22	1.0	1
117401.36170000002	0.21	0.9	1
118044.73460000003	0.17	1.2	1
118689.82440000003	0.18	1.1	1
119337.25330000003	0.17	1.5	1
119986.55470000002	0.17	1.2	1
120637.41750000003	0.21	1.0	1
121289.84170000002	0.2	1.0	1
121944.13840000003	0.17	1.2	1
122599.68530000003	0.25	0.8	1
123256.48240000002	0.25	0.8	1
123914.84090000002	0.22	1.0	1
124574.44960000002	0.25	0.8	1
125235.77520000002	0.18	1.1	1
125898.66220000002	0.21	1.0	1
126563.88830000002	0.14	1.5	1
127230.83130000002	0.18	1.1	1
127899.64680000002	0.16	1.2	1
128570.33480000001	0.16	1.2	1
129242.58420000001	0.2	1.0	1
129916.39500000002	0.2	1.0	1
130591.92270000002	0.17	1.1	1
131269.01180000004	0.19	1.0	1
131947.81780000005	0.19	1.1	1
132628.18520000004	0.19	1.0	1
133310.11400000003	0.2	1.0	1
133994.53750000003	0.12	1.6	1
134680.36680000005	0.23	0.9	1
135367.91300000006	0.19	1.1	1
136057.02060000005	0.19	1.0	1
136747.53400000004	0.21	0.9	1
137439.76430000004	0.17	1.1	1
138134.33370000005	0.17	1.5	1
138830.62000000005	0.17	1.1	1
139528.77880000006	0.16	1.2	1
140228.18780000007	0.23	0.8	1
140929.3137000001	0.19	1.1	1
141632.4676000001	0.19	1.3	1
142337.1829000001	0.22	1.0	1
143043.6151000001	0.18	1.1	1
143751.6087000001	0.19	1.0	1
144461.0081000001	0.21	0.9	1
145171.9689000001	0.19	1.0	1
145884.8022000001	0.16	1.2	1
146598.8857000001	0.25	0.8	1
147314.9972000001	0.14	1.3	1
148032.9812000001	0.16	1.2	1
148753.14880000008	0.15	1.4	1
149474.72220000008	0.2	0.9	1
150197.85700000008	0.2	1.0	1
150922.39760000008	0.2	0.9	1
151648.18840000007	0.22	0.8	1
152375.85170000006	0.17	1.2	1
153105.23190000007	0.19	1.1	1
153836.01790000006	0.22	0.9	1
154568.52080000006	0.19	1.1	1
155303.05170000007	0.19	1.3	1
156038.98840000006	0.2	0.9	1
156776.33090000006	0.23	0.9	1
157515.23480000006	0.2	1.0	1
158255.70010000007	0.21	1.0	1
158997.88230000008	0.17	1.1	1
159741.9370000001	0.15	1.2	1
160487.5531000001	0.19	1.0	1
161234.7306000001	0.2	1.0	1
161983.3139000001	0.21	0.9	1
162733.92520000009	0.16	1.3	1
163486.40900000007	0.17	1.2	1
164240.29860000007	0.21	0.9	1
164995.59400000007	0.24	0.9	1
165752.76190000007	0.16	1.2	1
166511.49120000008	0.2	1.0	1
167271.7819000001	0.21	1.0	1
168033.47840000008	0.23	0.9	1
168796.42510000008	0.22	0.8	1
169560.6220000001	0.23	0.8	1
170327.0025000001	0.13	1.4	1
171095.0999000001	0.18	1.1	1
171865.06980000008	0.19	1.2	1
172636.2899000001	0.23	0.8	1
173409.2269000001	0.17	1.1	1
174183.41410000008	0.24	0.8	1
174959.6293000001	0.15	1.3	1
175737.5614000001	0.16	1.1	1
176516.8993000001	0.23	0.9	1
177297.95410000012	0.17	1.1	1
178080.72580000013	0.2	1.1	1
178865.05890000012	0.2	1.0	1
179650.79780000012	0.2	0.9	1
180437.78690000012	0.23	0.8	1
181226.18180000014	0.21	0.9	1
182016.29360000015	0.17	1.1	1
182807.96680000014	0.18	1.0	1
183600.89020000014	0.23	0.8	1
184395.53050000014	0.19	1.1	1
185192.50990000015	0.14	1.5	1
185991.05070000014	0.2	1.0	1
186791.61950000015	0.16	1.3	1
187593.90520000015	0.17	1.1	1
188397.75230000017	0.19	1.0	1
189203.31630000018	0.16	1.1	1
190010.7528000002	0.19	1.2	1
190819.75070000018	0.2	1.0	1
191630.7766000002	0.16	1.3	1
192443.05270000017	0.25	0.8	1
193256.73460000017	0.21	0.9	1
194071.97790000017	0.17	1.0	1
194888.47140000018	0.24	0.8	1
195706.8374000002	0.16	1.2	1
196526.60920000018	0.2	0.9	1
197349.18680000017	0.1	1.8	1
198173.63690000016	0.16	1.2	1
198999.33720000015	0.26	0.8	1
199826.75440000015	0.17	1.1	1
200655.57740000015	0.23	0.9	1
201485.96180000016	0.19	1.0	1
202318.37420000017	0.14	1.3	1
203152.34800000017	0.19	1.0	1
203987.8832000002	0.2	1.0	1
204824.82420000018	0.22	0.9	1
205663.32660000017	0.2	1.0	1
206503.39040000018	0.22	1.0	1
207344.8600000002	0.21	0.9	1
208188.3576000002	0.17	1.3	1
209033.1054000002	0.24	0.8	1
209879.1034000002	0.24	0.8	1
210726.5072000002	0.2	0.9	1
211575.3168000002	0.22	0.9	1
212425.9989000002	0.15	1.2	1
213278.39790000021	0.19	1.1	1
214132.8249000002	0.16	1.3	1
214988.8133000002	0.22	1.0	1
215846.36310000022	0.19	1.0	1
216705.78540000023	0.17	1.2	1
217566.61350000024	0.23	0.9	1
218428.84740000023	0.21	0.9	1
219292.48710000023	0.23	0.9	1
220157.37700000024	0.24	0.8	1
221024.13940000025	0.17	1.2	1
221892.46320000026	0.18	1.0	1
222762.34840000025	0.19	1.0	1
223633.63940000025	0.22	0.9	1
224506.80290000024	0.18	1.2	1
225381.37220000025	0.2	0.9	1
226257.50290000025	0.2	1.0	1
227135.66160000025	0.15	1.3	1
228015.22610000026	0.22	0.9	1
228896.50750000027	0.17	1.1	1
229779.81690000027	0.15	1.3	1
230665.30990000025	0.14	1.4	1
231552.36430000025	0.18	1.0	1
232441.44670000026	0.15	1.3	1
233331.93490000025	0.23	0.9	1
234223.98450000025	0.21	1.0	1
235117.59550000026	0.19	1.0	1
236012.92340000026	0.18	1.1	1
236909.65710000027	0.22	0.9	1
237808.57440000027	0.15	1.4	1
238709.20860000027	0.17	1.1	1
239611.87080000027	0.15	1.3	1
240515.93880000027	0.2	0.9	1
241421.56820000027	0.19	1.0	1
242329.22560000027	0.17	1.3	1
243238.44440000027	0.19	1.0	1
244149.53570000027	0.17	1.2	1
245062.96610000028	0.15	1.5	1
245978.1134000003	0.18	1.1	1
246894.66650000028	0.21	0.9	1
247812.93650000027	0.18	1.1	1
248732.61230000027	0.22	0.9	1
249653.69390000027	0.21	0.9	1
250576.3369000003	0.2	1.0	1
251500.23010000028	0.23	0.8	1
252425.84020000027	0.18	1.1	1
253353.01170000026	0.19	1.0	1
254281.74460000027	0.2	1.0	1
255212.03890000028	0.19	1.0	1
256144.36120000028	0.16	1.3	1
257078.24490000028	0.21	1.0	1
258013.8455000003	0.19	1.1	1
258951.0075000003	0.22	1.0	1
259889.5753000003	0.22	0.9	1
260829.54890000029	0.22	0.9	1
261771.0839000003	0.19	1.0	1
262714.3358000003	0.18	1.1	1
263659.1491000003	0.22	1.0	1
264605.52380000026	0.21	1.0	1
265553.14870000025	0.23	0.8	1
266502.17940000026	0.22	0.9	1
267452.61590000027	0.22	0.9	1
268404.4582000003	0.21	0.9	1
269358.1730000003	0.16	1.2	1
270313.4492000003	0.19	1.0	1
271270.59790000034	0.18	1.2	1
272229.61910000036	0.16	1.2	1
273190.0461000004	0.22	0.9	1
274152.1900000004	0.19	1.1	1
275116.20640000043	0.16	1.2	1
276081.6286000004	0.2	0.9	1
277048.4566000004	0.21	0.9	1
278016.5348000004	0.21	0.8	1
278986.01880000037	0.21	0.9	1
279957.21970000037	0.18	1.1	1
280929.82640000037	0.21	0.9	1
281904.46110000036	0.15	1.3	1
282880.81270000036	0.18	1.1	1
283858.57010000036	0.22	0.9	1
284838.35550000035	0.16	1.3	1
285820.16890000034	0.16	1.3	1
286803.6992000003	0.17	1.1	1
287788.7909000003	0.2	1.0	1
288775.5995000003	0.17	1.1	1
289763.6583000003	0.24	0.8	1
290753.4340000003	0.19	1.1	1
291744.6155000003	0.21	0.9	1
292737.2028000003	0.2	0.9	1
293731.35150000034	0.18	1.0	1
294727.21710000036	0.18	1.1	1
295724.3329000004	0.23	0.8	1
296723.3212000004	0.16	1.2	1
297724.02640000044	0.17	1.1	1
298726.44850000046	0.2	1.1	1
299730.27640000044	0.2	0.9	1
300735.9768000004	0.18	1.2	1
301742.9274000004	0.24	0.8	1
302751.2838000004	0.23	0.9	1
303761.2016000004	0.19	1.0	1
304772.6808000004	0.19	1.0	1
305786.0325000004	0.17	1.2	1
306800.9456000004	0.21	1.0	1
307817.5756000004	0.18	1.1	1
308835.9225000004	0.19	1.1	1
309856.1419000004	0.17	1.2	1
310877.9227000004	0.2	1.0	1
311901.2649000004	0.18	1.0	1
312926.4796000004	0.17	1.2	1
313952.94450000045	0.24	0.8	1
314981.28190000047	0.18	1.2	1
316010.8695000005	0.23	0.8	1
317042.1740000005	0.17	1.1	1
318074.8843000005	0.23	0.9	1
319109.1560000005	0.21	1.0	1
320145.14460000047	0.17	1.1	1
321183.00570000045	0.16	1.2	1
322222.5837000004	0.19	1.1	1
323263.8786000004	0.16	1.1	1
324307.20150000043	0.15	1.3	1
325352.39690000046	0.18	1.2	1
326398.99810000043	0.23	0.9	1
327447.1607000004	0.21	1.0	1
328496.7291000004	0.21	0.9	1
329548.79220000043	0.13	1.6	1
330602.4167000004	0.19	1.0	1
331657.6026000004	0.2	1.0	1
332714.3499000004	0.19	1.0	1
333772.6586000004	0.18	1.0	1
334832.99530000036	0.16	1.3	1
335894.89340000035	0.2	1.0	1
336958.19730000035	0.21	0.9	1
338023.21810000035	0.17	1.1	1
339089.48910000036	0.24	0.8	1
340157.32150000037	0.2	1.0	1
341226.8708000004	0.17	1.1	1
342297.6703000004	0.22	0.8	1
343370.6534000004	0.13	1.4	1
344445.19790000044	0.2	1.0	1
345520.99260000046	0.25	0.8	1
346598.34870000044	0.19	1.0	1
347677.5773000004	0.16	1.2	1
348759.1450000004	0.14	1.5	1
349842.74070000043	0.15	1.3	1
350928.05330000044	0.16	1.1	1
352014.92730000045	0.2	1.0	1
353103.36270000046	0.2	1.0	1
354193.2039000005	0.22	0.9	1
355284.7620000005	0.18	1.1	1
356378.3481000005	0.15	1.3	1
357473.96220000053	0.14	1.3	1
358571.7599000005	0.16	1.4	1
359671.5856000005	0.17	1.3	1
360773.1282000005	0.19	1.1	1
361875.9210000005	0.23	0.8	1
362980.2752000005	0.19	1.0	1
364086.1908000005	0.2	1.0	1
365193.6678000005	0.18	1.0	1
366303.1728000005	0.14	1.3	1
367414.08360000054	0.21	0.9	1
368527.6446000005	0.12	1.7	1
369642.7670000005	0.19	1.0	1
370759.6063000005	0.18	1.1	1
371878.3181000005	0.16	1.2	1
372998.9024000005	0.17	1.2	1
374121.8258000005	0.13	1.5	1
375246.3106000005	0.21	1.0	1
376372.66790000047	0.15	1.2	1
377500.89770000044	0.17	1.2	1
378631.00000000047	0.17	1.2	1
379762.66370000044	0.21	1.0	1
380895.8888000004	0.21	1.0	1
382030.9864000004	0.18	1.2	1
383167.9565000004	0.18	1.2	1
384306.33240000036	0.2	0.9	1
385446.58080000035	0.19	1.2	1
386588.8572000003	0.16	1.3	1
387732.5394000003	0.23	0.9	1
388877.4718000003	0.23	0.8	1
390023.8100000003	0.2	0.9	1
391171.8651000003	0.18	1.1	1
392321.9482000003	0.16	1.3	1
393473.74820000026	0.17	1.1	1
394627.42070000025	0.16	1.2	1
395782.96570000023	0.17	1.2	1
396940.2276000002	0.19	1.1	1
398099.2064000002	0.18	1.1	1
399259.7466000002	0.18	1.0	1
400422.0037000002	0.18	1.1	1
401585.97770000016	0.17	1.1	1
402751.51310000016	0.21	1.0	1
403918.76540000015	0.18	1.1	1
405088.20130000013	0.13	1.4	1
406259.5097000001	0.16	1.2	1
407432.2239000001	0.22	0.9	1
408606.9661000001	0.15	1.3	1
409783.11410000006	0.22	0.9	1
410961.13460000005	0.16	1.2	1
412140.56090000004	0.23	0.9	1
413321.70410000003	0.18	1.1	1
414504.25310000003	0.19	0.9	1
415688.6746	0.18	1.2	1
416874.813	0.18	1.1	1
418062.5128	0.18	1.0	1
419252.2406	0.14	1.3	1
420443.6853	0.17	1.1	1
421636.3802	0.23	0.8	1
422830.4809	0.22	0.9	1
424026.6096	0.15	1.3	1
425224.6108	0.17	1.2	1
426424.3289	0.2	1.1	1
427625.9195	0.17	1.2	1
428828.227	0.19	1.1	1
430032.0959	0.19	1.0	1
431237.8373	0.17	1.2	1
432445.1401	0.19	1.0	1
433654.1598	0.18	1.1	1
434864.8964	0.18	1.1	1
436077.34990000003	0.16	1.1	1
437291.52030000003	0.19	1.1	1
438507.25210000004	0.2	1.0	1
439724.85640000005	0.17	1.2	1
440944.02210000006	0.21	1.0	1
442165.06030000007	0.15	1.2	1
443387.6599000001	0.22	1.0	1
444612.4431000001	0.14	1.4	1
445838.7877000001	0.19	1.0	1
447066.6937000001	0.19	1.0	1
448296.16110000014	0.2	1.0	1
449527.1899000001	0.18	1.0	1
450760.5578000001	0.17	1.5	1
451995.33150000015	0.21	0.9	1
453231.82210000016	0.18	1.1	1
454470.3407000002	0.16	1.3	1
455710.4207000002	0.21	1.0	1
456951.9065000002	0.21	0.9	1
458194.6425000002	0.24	0.8	1
459439.25100000016	0.17	1.2	1
460685.7320000002	0.17	1.2	1
461934.0855000002	0.18	1.2	1
463184.0004000002	0.2	1.0	1
464435.63220000017	0.19	1.1	1
465688.66980000015	0.22	0.9	1
466943.42430000013	0.17	1.1	1
468199.4290000001	0.23	0.8	1
469456.8395000001	0.23	0.9	1
470716.1225000001	0.16	1.2	1
471976.6557000001	0.24	0.8	1
473238.9058000001	0.19	1.1	1
474502.71730000013	0.19	1.0	1
475768.24570000015	0.19	1.1	1
477035.80210000015	0.15	1.3	1
478304.91990000015	0.21	1.0	1
479575.44350000017	0.21	0.9	1
480847.5285000002	0.19	1.0	1
482121.0193000002	0.22	0.9	1
483396.0715000002	0.17	1.0	1
484672.5295000002	0.21	0.9	1
485951.01550000015	0.17	1.3	1
487230.90730000014	0.19	0.9	1
488512.6716000001	0.18	1.2	1
489796.61950000015	0.14	1.4	1
491082.2843000002	0.19	1.1	1
492369.8216000002	0.15	1.2	1
493659.0758000002	0.19	1.1	1
494950.04690000025	0.16	1.1	1
496242.5794000002	0.21	1.0	1
497537.29550000024	0.13	1.4	1
498833.57300000027	0.19	1.0	1
500131.25630000024	0.2	0.9	1
501430.6565000002	0.18	1.1	1
502731.6181000002	0.21	1.0	1
504033.9855000002	0.22	0.9	1
505337.7587000002	0.22	0.9	1
506642.9377000002	0.23	0.9	1
507949.6781000002	0.18	1.0	1
509258.2910000002	0.15	1.2	1
510568.6208000002	0.18	1.1	1
511880.9786000002	0.15	1.3	1
513194.8978000002	0.2	1.0	1
514510.3784000002	0.2	1.0	1
515828.0426000002	0.14	1.4	1
517147.2682000002	0.2	1.0	1
518468.2107000002	0.18	1.1	1
519790.71460000024	0.2	1.0	1
521114.62430000026	0.22	0.9	1
522440.4065000003	0.17	1.2	1
523767.4389000003	0.26	0.8	1
525096.1882000003	0.19	1.1	1
526426.6544000003	0.16	1.1	1
527758.6820000004	0.19	1.0	1
529092.1154000004	0.23	0.9	1
530427.5768000004	0.15	1.3	1
531764.7551000004	0.18	1.1	1
533103.1836000005	0.24	0.8	1
534443.3290000005	0.18	1.1	1
535785.3469000005	0.17	1.2	1
537129.0817000004	0.17	1.1	1
538474.5334000004	0.19	1.1	1
539821.3909000005	0.22	0.9	1
541169.9653000005	0.16	1.1	1
542519.7899000006	0.22	0.8	1
543871.4870000005	0.16	1.2	1
545224.9010000005	0.17	1.1	1
546579.8764000005	0.18	1.0	1
547936.4132000005	0.19	1.0	1
549294.3558000005	0.2	0.9	1
550654.0153000004	0.16	1.1	1
552014.9250000004	0.23	0.8	1
553377.2405000004	0.2	0.9	1
554741.2729000004	0.18	1.1	1
556107.0222000005	0.16	1.1	1
557474.1773000004	0.2	0.9	1
558842.8938000004	0.2	1.0	1
560213.6383000005	0.16	1.3	1
561586.2553000004	0.16	1.2	1
562960.1225000004	0.25	0.8	1
564336.0177000004	0.15	1.3	1
565713.7854000004	0.16	1.2	1
567093.2700000004	0.17	1.1	1
568474.7826000004	0.16	1.3	1
569858.0121000004	0.19	1.1	1
571242.8030000004	0.21	1.0	1
572629.3108000004	0.16	1.1	1
574017.6911000004	0.16	1.2	1
575407.7883000004	0.17	1.1	1
576799.6024000003	0.18	1.1	1
578192.9779000003	0.21	1.0	1
579588.2259000003	0.17	1.2	1
580984.7241000003	0.24	0.8	1
582383.2503000003	0.16	1.3	1
583783.6490000003	0.16	1.2	1
585185.7646000003	0.19	1.1	1
586589.1304000004	0.24	0.8	1
587994.2131000004	0.19	1.1	1
589401.3238000004	0.15	1.3	1
590809.8403000004	0.22	0.9	1
592220.5404000004	0.15	1.4	1
593632.6463000004	0.22	0.9	1
595046.7802000004	0.14	1.3	1
596462.4755000004	0.19	1.0	1
597879.8877000004	0.19	1.1	1
599298.7057000004	0.22	0.9	1
600719.0851000004	0.2	1.0	1
602141.0259000004	0.19	1.0	1
603564.9947000004	0.15	1.3	1
604990.6804000004	0.17	1.1	1
606417.6163000005	0.24	0.8	1
607845.8024000005	0.23	0.8	1
609276.0165000005	0.15	1.3	1
610707.4808000005	0.22	0.8	1
612140.1953000005	0.23	0.8	1
613574.6267000005	0.17	1.1	1
615011.2417000005	0.14	1.4	1
616449.2625000005	0.25	0.9	1
617888.8447000005	0.19	1.0	1
619329.8327000005	0.21	0.9	1
620772.2265000005	0.22	0.9	1
622216.1817000004	0.2	1.0	1
623662.0094000004	0.15	1.2	1
625109.5540000005	0.19	1.1	1
626558.5044000004	0.2	0.9	1
628008.7050000004	0.21	0.8	1
629460.3114000005	0.21	0.9	1
630913.1680000005	0.22	0.8	1
632367.4304000005	0.21	0.9	1
633823.5653000005	0.16	1.2	1
635280.9504000004	0.25	0.8	1
636740.0524000004	0.18	1.1	1
638200.7158000004	0.2	1.0	1
639663.4072000004	0.15	1.3	1
641127.5044000003	0.22	0.9	1
642593.0074000004	0.22	0.9	1
644059.7606000004	0.24	0.8	1
645528.0752000004	0.18	1.0	1
646997.7956000004	0.22	0.9	1
648468.7662000004	0.26	0.8	1
649941.6093000005	0.17	1.2	1
651416.0138000004	0.2	1.0	1
652891.6685000004	0.22	0.8	1
654368.8846000003	0.2	1.0	1
655847.9732000004	0.15	1.2	1
657328.7787000004	0.17	1.1	1
658811.1456000004	0.2	1.0	1
660295.2294000004	0.19	1.1	1
661781.3412000004	0.16	1.3	1
663268.8588000004	0.2	0.9	1
664757.7822000004	0.21	0.9	1
666248.1114000004	0.23	0.9	1
667739.8464000004	0.2	0.9	1
669233.2983000004	0.17	1.1	1
670728.6227000004	0.15	1.2	1
672226.1307000004	0.14	1.4	1
673725.6667000004	0.15	1.3	1
675226.9196000004	0.18	1.1	1
676729.7339000003	0.18	1.0	1
678234.1096000003	0.19	1.0	1
679740.0467000003	0.19	1.0	1
681247.5452000003	0.2	1.0	1
682756.4495000003	0.21	0.9	1
684266.6040000003	0.24	0.8	1
685778.6310000003	0.16	1.2	1
687291.9082000003	0.22	0.8	1
688806.9023000003	0.17	1.1	1
690323.3022000003	0.22	0.9	1
691840.9523000002	0.22	0.8	1
693360.0082000003	0.21	0.9	1
694880.4699000003	0.21	0.9	1
696402.3374000003	0.22	0.9	1
697926.0774000003	0.17	1.2	1
699451.3788000003	0.19	1.0	1
700978.0860000002	0.21	0.9	1
702506.5101000002	0.18	1.1	1
704036.6511000001	0.18	1.1	1
705568.3535000001	0.21	1.0	1
707101.6173	0.22	1.0	1
708636.9091	0.15	1.3	1
710173.7623000001	0.2	1.0	1
711712.488	0.15	1.2	1
713252.7751	0.19	1.0	1
714794.9347	0.16	1.2	1
716339.1222999999	0.15	1.3	1
717884.7157	0.2	0.9	1
719431.8705	0.18	1.0	1
720980.7422	0.18	1.1	1
722531.3308	0.19	1.1	1
724083.6363	0.18	1.1	1
725637.192	0.25	0.8	1
727192.7757	0.14	1.3	1
728749.9208	0.2	1.0	1
730309.0939	0.15	1.3	1
731870.1394999999	0.17	1.2	1
733432.7464999999	0.21	1.0	1
734996.6036999999	0.22	0.8	1
736562.1777999998	0.19	1.1	1
738129.7798999998	0.16	1.3	1
739698.9433999999	0.18	1.0	1
741269.9793999998	0.16	1.2	1
742843.1989999998	0.14	1.4	1
744418.2910999998	0.17	1.2	1
745994.9445999998	0.19	1.0	1
747573.0038999998	0.21	0.9	1
749152.6245999997	0.19	1.0	1
750733.9621999997	0.17	1.1	1
752317.0166999997	0.17	1.1	1
753901.6325999997	0.22	1.0	1
755487.8098999996	0.17	1.0	1
757075.3929999997	0.23	0.9	1
758664.3818999997	0.2	0.9	1
760255.0876999997	0.18	1.1	1
761847.3548999997	0.21	1.0	1
763441.0278999996	0.2	0.9	1
765036.8844999997	0.14	1.4	1
766634.3024999996	0.18	1.0	1
768233.4373999996	0.19	1.1	1
769834.1336999995	0.2	1.0	1
771436.8579999995	0.16	1.3	1
773041.2991999995	0.2	1.1	1
774647.7683999996	0.17	1.3	1
776255.7989999996	0.2	1.0	1
777865.3909999996	0.21	1.0	1
779476.3887999996	0.23	0.9	1
781089.1034999996	0.18	1.1	1
782703.2239999996	0.21	0.9	1
784319.0613999995	0.18	1.1	1
785936.1489999995	0.23	0.8	1
787555.1090999995	0.16	1.2	1
789175.6305999996	0.19	1.0	1
790797.5578999995	0.23	0.9	1
792421.2020999995	0.19	1.1	1
794046.2520999996	0.21	0.9	1
795672.8634999996	0.21	1.0	1
797301.1917999997	0.19	1.1	1
798931.5480999997	0.19	1.3	1
800563.1545999997	0.24	0.8	1
802196.4779999997	0.18	1.1	1
803831.3627999997	0.18	1.0	1
805467.4977999997	0.22	0.8	1
807105.1941999997	0.19	1.0	1
808744.4519999997	0.19	1.0	1
810385.1155999997	0.19	0.9	1
812027.3405999996	0.17	1.0	1
813671.1269999996	0.19	1.0	1
815316.4747999996	0.21	1.0	1
816963.5394999996	0.18	1.1	1
818612.1655999996	0.19	1.0	1
820262.1974999995	0.21	0.9	1
821914.1018999995	0.18	1.2	1
823567.4120999995	0.21	0.9	1
825222.1280999995	0.24	0.9	1
826878.5609999995	0.17	1.1	1
828537.0218999995	0.17	1.3	1
830197.3552999995	0.16	1.2	1
831860.0277999995	0.13	1.5	1
833524.2616999994	0.2	1.0	1
835189.9013999995	0.19	0.9	1
836856.9468999995	0.2	0.9	1
838525.8648999995	0.17	1.2	1
840196.1886999995	0.2	0.9	1
841868.3849999994	0.17	1.2	1
843542.4537999994	0.19	1.2	1
845219.0172999995	0.13	1.6	1
846897.6087999995	0.15	1.3	1
848577.4504999995	0.22	0.8	1
850258.8535999994	0.17	1.0	1
851942.2846999995	0.14	1.3	1
853627.1215999995	0.21	0.9	1
855313.3642999994	0.19	0.9	1
857001.1683999994	0.2	1.0	1
858690.3782999994	0.21	0.9	1
860381.1495999994	0.2	1.0	1
862073.4822999995	0.19	1.0	1
863767.6874999994	0.15	1.2	1
865463.6095999994	0.18	1.1	1
867161.2485999994	0.18	1.1	1
868860.2933999994	0.21	0.9	1
870561.0550999994	0.18	1.1	1
872263.2225999994	0.2	0.9	1
873966.9514999994	0.18	1.0	1
875672.3972999994	0.18	1.1	1
877379.7155999994	0.15	1.2	1
879088.9063999994	0.16	1.2	1
880799.6585999994	0.18	1.0	1
882511.8165999994	0.2	0.9	1
884225.8470999994	0.16	1.2	1
885941.4389999994	0.19	1.0	1
887659.0588999995	0.15	1.3	1
889378.0845999995	0.2	0.9	1
891098.3604999995	0.23	0.8	1
892820.0421999994	0.2	0.9	1
894543.1296999995	0.2	0.9	1
896268.0896999994	0.16	1.2	1
897994.7665999994	0.18	1.1	1
899722.8492999994	0.2	0.9	1
901452.3377999994	0.21	0.9	1
903183.2320999994	0.22	0.9	1
904915.6877999995	0.2	1.0	1
906649.3936999994	0.25	0.8	1
908384.5053999994	0.21	0.9	1
910121.1784999995	0.18	1.0	1
911859.7240999994	0.15	1.2	1
913600.1421999994	0.15	1.2	1
915342.1216999994	0.19	1.0	1
917085.6625999995	0.19	1.0	1
918830.7648999995	0.18	1.0	1
920577.7396999995	0.17	1.2	1
922326.7424999995	0.17	1.3	1
924077.4621999995	0.18	1.1	1
925829.5876999995	0.2	0.9	1
927583.1189999995	0.21	0.9	1
929338.3671999995	0.17	1.1	1
931095.4878999995	0.16	1.2	1
932854.3254999995	0.18	1.1	1
934614.5688999995	0.21	0.9	1
936376.3736999995	0.18	1.0	1
938139.8953999996	0.18	1.1	1
939904.6672999996	0.22	0.8	1
941671.0005999997	0.18	1.0	1
943439.2063999997	0.16	1.2	1
945209.4401999997	0.15	1.3	1
946981.2353999998	0.18	1.0	1
948754.5919999998	0.23	1.0	1
950529.5099999998	0.19	1.0	1
952306.3004999998	0.17	1.2	1
954084.6523999998	0.19	1.0	1
955864.8767999997	0.16	1.2	1
957647.1291999997	0.15	1.3	1
959430.9429999997	0.19	1.0	1
961216.4736999997	0.18	1.1	1
963003.8768999997	0.17	1.2	1
964792.8414999996	0.19	1.0	1
966583.5229999996	0.16	1.1	1
968375.6102999996	0.23	0.9	1
970169.1033999996	0.21	0.9	1
971964.0022999996	0.21	0.9	1
973760.4625999996	0.19	1.0	1
975558.1730999997	0.23	0.8	1
977357.7560999996	0.16	1.2	1
979159.0559999996	0.16	1.1	1
980962.3838999997	0.15	1.3	1
982767.5842999996	0.16	1.2	1
984574.6571999997	0.16	1.2	1
986383.1358999996	0.21	0.9	1
988193.0203999997	0.2	0.9	1
990004.1550999997	0.23	0.8	1
991816.8511999997	0.19	1.0	1
993631.2641999996	0.17	1.1	1
995446.9273999996	0.26	0.8	1
997264.1519999995	0.19	1.0	1
999083.0934999995	0.17	1.1	1
1000904.2185999994	0.14	1.4	1
1002726.7494999995	0.22	0.9	1
1004550.6861999994	0.21	0.9	1
1006375.8730999994	0.22	0.8	1
1008202.6213999994	0.19	1.0	1
1010031.5532999993	0.14	1.4	1
1011862.0465999993	0.2	1.0	1
1013693.9456999993	0.19	0.9	1
1015527.2505999993	0.18	0.9	1
1017361.9612999994	0.22	0.9	1
1019198.6999999994	0.15	1.3	1
1021037.1555999994	0.18	1.1	1
1022877.7947999993	0.15	1.4	1
1024720.9286999993	0.15	1.6	1
1026565.3127999994	0.24	0.8	1
1028411.1026999993	0.2	0.9	1
1030258.6094999993	0.18	1.1	1
1032107.9887999994	0.15	1.2	1
1033959.3960999993	0.17	1.3	1
1035812.9869999993	0.19	1.4	1
1037668.4503999993	0.16	1.2	1
1039525.3195999992	0.21	0.9	1
1041383.5945999993	0.22	0.9	1
1043243.5864999993	0.17	1.1	1
1045105.1397999993	0.19	1.0	1
1046968.4099999993	0.18	1.1	1
1048833.2415999994	0.19	1.0	1
1050699.7900999994	0.19	1.1	1
1052567.7443999995	0.23	0.9	1
1054437.2600999996	0.23	1.0	1
1056308.8037999996	0.15	1.3	1
1058182.2199999997	0.16	1.2	1
1060057.0419999997	0.2	0.9	1
1061933.2697999997	0.21	0.9	1
1063811.2144999998	0.16	1.1	1
1065690.8760999998	0.17	1.1	1
1067572.4101999998	0.16	1.2	1
1069455.6611999997	0.19	1.1	1
1071340.7846999997	0.17	1.2	1
1073227.6250999998	0.18	1.1	1
1075116.0269	0.2	1.0	1
1077005.9901	0.2	1.0	1
1078897.6702	0.17	1.1	1
1080790.6005	0.22	0.8	1
1082685.4033	0.16	1.2	1
1084582.2341	0.15	1.3	1
1086480.3151	0.23	0.8	1
1088379.9575	0.18	1.0	1
1090281.4724	0.18	1.2	1
1092184.5487000002	0.19	1.0	1
1094089.4975	0.19	1.2	1
1095995.8521	0.2	0.9	1
1097904.0792	0.17	1.2	1
1099813.7121000001	0.22	0.9	1
1101725.3730000001	0.14	1.3	1
1103638.7508	0.18	1.1	1
1105553.8455	0.16	1.1	1
1107470.6571	0.18	1.1	1
1109388.7189	0.23	0.8	1
1111308.4976	0.17	1.1	1
1113230.3043	0.16	1.3	1
1115153.5167999999	0.21	0.9	1
1117078.2906999998	0.19	1.0	1
1119005.0925999999	0.16	1.3	1
1120933.7669999998	0.17	1.2	1
1122864.0027999997	0.18	1.0	1
1124795.7999999996	0.19	1.0	1
1126729.4696999996	0.17	1.2	1
1128664.3895999996	0.26	0.8	1
1130600.7152999996	0.22	0.9	1
1132538.4467999996	0.2	0.9	1
1134477.8951999997	0.17	1.1	1
1136418.7493999996	0.2	0.9	1
1138361.6315999997	0.16	1.3	1
1140306.3862999997	0.17	1.2	1
1142252.5467999997	0.22	0.9	1
1144199.9574999996	0.23	0.8	1
1146148.6183999996	0.23	0.8	1
1148098.9961999995	0.17	1.1	1
1150050.9353999994	0.21	1.0	1
1152004.9025999994	0.15	1.3	1
1153960.7422999993	0.17	1.2	1
1155918.2988999994	0.19	1.1	1
1157877.5723999992	0.18	1.1	1
1159838.0960999993	0.22	0.8	1
1161800.1811999993	0.2	1.0	1
1163763.9831999992	0.18	1.1	1
1165729.0353999992	0.22	0.8	1
1167695.6489999993	0.2	1.0	1
1169663.5127999992	0.24	0.8	1
1171633.2490999992	0.16	1.2	1
1173604.7022999993	0.18	1.1	1
1175578.0279999992	0.18	1.2	1
1177553.2261999992	0.16	1.2	1
1179530.6079999993	0.16	1.4	1
1181510.1733999993	0.14	1.4	1
1183491.4556999994	0.16	1.1	1
1185474.7659999994	0.18	1.3	1
1187459.6376999994	0.19	1.0	1
1189446.3818999995	0.16	1.2	1
1191434.5318999994	0.21	0.9	1
1193424.5543999993	0.18	1.2	1
1195415.9826999994	0.22	0.9	1
1197409.1278999993	0.17	1.1	1
1199403.9899999993	0.19	1.1	1
1201400.5689999992	0.19	1.1	1
1203398.5537999992	0.2	0.9	1
1205397.7887999993	0.24	0.8	1
1207398.5851999994	0.18	1.0	1
1209401.0984999994	0.19	1.1	1
1211405.0175999994	0.22	0.9	1
1213410.4980999995	0.2	1.0	1
1215417.6954999994	0.18	1.1	1
1217426.2986999995	0.23	0.9	1
1219437.2409999995	0.15	1.5	1
1221449.9001999996	0.18	1.1	1
1223464.4318999995	0.18	1.2	1
1225480.8360999995	0.15	1.2	1
1227498.9571999996	0.19	1.1	1
1229518.7951999996	0.18	1.1	1
1231540.3500999997	0.17	1.1	1
1233563.1551999997	0.24	0.8	1
1235587.5216999997	0.2	1.0	1
1237613.6050999996	0.18	1.1	1
1239640.9386999996	0.22	0.8	1
1241669.8336999996	0.18	1.0	1
1243699.9788999995	0.24	0.8	1
1245731.6854999994	0.19	1.0	1
1247765.1089999995	0.18	1.1	1
1249800.2493999994	0.19	1.1	1
1251836.7955999994	0.18	0.9	1
1253875.0586999995	0.18	1.1	1
1255914.7275999994	0.2	0.9	1
1257956.1133999994	0.18	1.1	1
1259999.2160999994	0.19	1.1	1
1262044.0356999994	0.18	1.1	1
1264090.7277999995	0.16	1.2	1
1266139.4478999996	0.15	1.3	1
1268189.5737999997	0.19	0.9	1
1270241.1054999996	0.2	0.9	1
1272294.5096999996	0.16	1.2	1
1274349.4752999996	0.18	1.0	1
1276406.0022999996	0.21	1.0	1
1278463.9350999997	0.21	0.9	1
1280523.2736999996	0.21	0.9	1
1282584.6402999996	0.19	1.3	1
1284647.4126999995	0.22	0.9	1
1286712.0575999995	0.16	1.2	1
1288778.1082999995	0.22	0.9	1
1290845.7203999995	0.19	1.0	1
1292915.2049999996	0.16	1.2	1
1294985.9397999996	0.24	0.8	1
1297058.5470999996	0.17	1.2	1
1299132.7157999997	0.2	1.0	1
1301208.7569999998	0.16	1.2	1
1303286.3595999999	0.2	1.0	1
1305365.8346999998	0.16	1.2	1
1307446.7155999998	0.2	0.9	1
1309529.6244999997	0.15	1.3	1
1311614.5613999998	0.16	1.3	1
1313700.9040999997	0.2	0.9	1
1315788.8081999996	0.21	1.0	1
1317878.8958999997	0.16	1.4	1
1319970.8560999997	0.17	1.2	1
1322064.5331999997	0.17	1.1	1
1324160.0827999997	0.17	1.2	1
1326257.0381999998	0.22	0.9	1
1328355.7104999998	0.18	1.1	1
1330455.633	0.22	0.8	1
1332557.7391	0.15	1.4	1
1334661.5621	0.15	1.1	1
1336767.102	0.18	1.1	1
1338874.0477	0.2	0.9	1
1340982.8659	0.17	1.2	1
1343093.2455000002	0.19	1.0	1
1345205.3420000002	0.18	1.1	1
1347319.1554000003	0.15	1.1	1
1349434.3746000002	0.21	0.9	1
1351550.9996000002	0.2	0.9	1
1353669.1860000002	0.19	1.0	1
1355789.4004000002	0.16	1.3	1
1357911.1762	0.18	1.0	1
1360034.3578	0.21	0.9	1
1362159.2563	0.19	1.1	1
1364285.7162	0.19	1.0	1
1366413.5818999999	0.2	0.9	1
1368543.6312	0.14	1.4	1
1370675.3974	0.17	1.1	1
1372808.5694	0.2	0.9	1
1374943.3028	0.19	1.0	1
1377079.5976	0.18	1.0	1
1379217.6093	0.17	1.1	1
1381357.3379	0.18	1.1	1
1383498.4723	0.2	0.9	1
1385640.8569	0.25	0.8	1
1387784.9584000001	0.19	1.1	1
1389930.6213000002	0.19	1.0	1
1392077.6900000002	0.22	0.9	1
1394226.4756000002	0.17	1.1	1
1396376.9781000002	0.18	1.1	1
1398529.0420000001	0.22	1.0	1
1400682.6673	0.2	1.0	1
1402837.5428000002	0.21	0.8	1
1404993.8241	0.22	0.9	1
1407151.5112	0.19	0.9	1
1409310.9152000002	0.18	1.1	1
1411471.725	0.22	0.9	1
1413633.9406	0.21	0.9	1
1415797.8731000002	0.18	1.1	1
1417963.367	0.21	1.0	1
1420130.4223	0.19	1.0	1
1422299.1945	0.17	1.1	1
1424469.5281	0.19	1.0	1
1426641.5786	0.18	1.1	1
1428815.1904999998	0.19	1.0	1
1430990.2081999998	0.21	0.9	1
1433166.9427999998	0.19	1.1	1
1435344.9275999998	0.22	0.8	1
1437524.1626	0.22	0.8	1
1439704.959	0.19	1.0	1
1441887.4723	0.18	1.1	1
1444071.7025000001	0.19	1.1	1
1446257.3385	0.22	0.9	1
1448445.0025000002	0.16	1.3	1
1450634.3834000002	0.18	1.1	1
1452825.4812000003	0.19	1.1	1
1455017.8292000003	0.22	0.8	1
1457211.7386000003	0.19	1.0	1
1459407.0538000003	0.19	0.9	1
1461604.0859000003	0.16	1.1	1
1463802.8349000004	0.17	1.1	1
1466003.3008000003	0.17	1.1	1
1468205.4836000004	0.18	1.1	1
1470409.0722000003	0.22	0.9	1
1472614.3777000003	0.18	1.1	1
1474820.9334000002	0.24	0.8	1
1477028.8949000002	0.22	0.9	1
1479239.0400000003	0.14	1.4	1
1481450.4353000002	0.21	0.8	1
1483663.2364000003	0.23	0.9	1
1485878.0655000003	0.15	1.3	1
1488094.1448000004	0.23	0.8	1
1490312.2521000004	0.15	1.3	1
1492532.2319000005	0.17	1.2	1
1494753.9286000005	0.19	1.1	1
1496977.3422000005	0.19	1.1	1
1499202.3172000006	0.2	1.0	1
1501429.0091000006	0.19	1.1	1
1503657.1068000006	0.21	0.9	1
1505886.7659000007	0.19	1.0	1
1508117.8308000008	0.2	0.9	1
1510350.7682000007	0.17	1.2	1
1512585.1114000008	0.22	0.9	1
1514821.0160000008	0.19	1.0	1
1517059.2597000008	0.14	1.5	1
1519299.0648000007	0.2	1.0	1
1521540.4313000008	0.23	1.0	1
1523783.0480000007	0.23	0.8	1
1526027.0705000006	0.22	0.9	1
1528272.3432000007	0.24	0.8	1
1530519.0217000006	0.22	0.9	1
1532767.5727000006	0.18	1.2	1
1535017.6851000006	0.19	1.0	1
1537269.8255000005	0.15	1.3	1
1539523.8384000005	0.14	1.2	1
1541779.5682000006	0.17	1.1	1
1544037.4816000005	0.15	1.4	1
1546296.8008000006	0.21	0.9	1
1548557.8369000005	0.18	1.1	1
1550820.7455000004	0.17	1.2	1
1553085.3710000005	0.18	1.1	1
1555351.5579000006	0.19	1.0	1
1557619.4617000006	0.17	1.1	1
1559888.7713000006	0.21	0.9	1
1562159.6423000006	0.2	1.0	1
1564431.7635000006	0.22	0.8	1
1566705.4461000005	0.2	1.0	1
1568981.0012000005	0.17	1.2	1
1571258.4288000006	0.22	1.2	1
1573537.4178000006	0.2	1.0	1
1575817.8126000005	0.21	0.9	1
1578099.9243000005	0.18	1.1	1
1580383.5974000006	0.17	1.0	1
1582668.9874000004	0.18	1.1	1
1584955.6276000005	0.21	0.8	1
1587243.8292000005	0.18	1.0	1
1589533.9033000006	0.17	1.2	1
1591825.8499000005	0.16	1.2	1
1594119.0467000005	0.26	0.8	1
1596413.8049000006	0.19	1.0	1
1598709.9689000007	0.21	0.9	1
1601007.8498000007	0.19	1.1	1
1603307.1365000007	0.22	0.9	1
1605607.6734000007	0.23	0.8	1
1607909.6161000007	0.19	0.9	1
1610213.5868000006	0.15	1.3	1
1612519.2744000007	0.18	1.1	1
1614827.3011000007	0.14	1.5	1
1617136.8892000008	0.2	1.0	1
1619448.0387000008	0.19	1.0	1
1621760.749600001	0.21	1.0	1
1624075.3330000008	0.14	1.2	1
1626391.3222000008	0.23	0.9	1
1628708.8728000007	0.2	1.0	1
1631027.9848000007	0.21	1.0	1
1633348.8137000008	0.18	1.1	1
1635671.2040000008	0.19	1.0	1
1637995.3112000008	0.15	1.1	1
1640320.668600001	0.23	0.8	1
1642647.742900001	0.18	1.1	1
1644976.689700001	0.16	1.2	1
1647307.042300001	0.21	0.9	1
1649639.267400001	0.17	1.2	1
1651973.365000001	0.16	1.2	1
1654308.868400001	0.25	0.9	1
1656646.088700001	0.19	1.1	1
1658985.025900001	0.19	1.1	1
1661325.368900001	0.19	0.9	1
1663667.739900001	0.15	1.3	1
1666011.827800001	0.18	1.1	1
1668357.477100001	0.18	1.0	1
1670704.687800001	0.2	1.0	1
1673053.615400001	0.17	1.1	1
1675404.104400001	0.2	1.0	1
1677756.621400001	0.16	1.3	1
1680110.3886000009	0.23	0.8	1
1682466.183800001	0.16	1.3	1
1684823.2292000009	0.21	0.8	1
1687181.680400001	0.21	0.9	1
1689542.1596000008	0.17	1.3	1
1691904.355700001	0.17	1.1	1
1694268.424300001	0.15	1.2	1
1696634.054300001	0.2	1.0	1
1699001.401200001	0.17	1.1	1
1701370.153900001	0.2	0.9	1
1703740.934600001	0.16	1.3	1
1706113.4322000009	0.16	1.1	1
1708487.6467000009	0.18	1.1	1
1710863.4226000009	0.2	1.0	1
1713240.604300001	0.22	0.9	1
1715619.1918000008	0.2	0.9	1
1717999.6518000008	0.15	1.2	1
1720381.9843000008	0.16	1.2	1
1722766.3448000008	0.15	1.3	1
1725151.2667000007	0.19	1.0	1
1727537.9055000008	0.17	1.1	1
1729926.105700001	0.21	1.0	1
1732315.7117000008	0.21	0.9	1
1734707.0346000008	0.16	1.1	1
1737100.230000001	0.16	1.2	1
1739494.675600001	0.24	0.8	1
1741890.527000001	0.18	0.9	1
1744287.939800001	0.17	1.0	1
1746686.758400001	0.19	0.9	1
1749087.138400001	0.21	1.0	1
1751488.924200001	0.19	0.9	1
1753892.426900001	0.17	1.1	1
1756297.179800001	0.22	0.8	1
1758703.649600001	0.18	1.1	1
1761111.525200001	0.21	0.9	1
1763520.9622000009	0.19	1.0	1
1765932.116100001	0.16	1.1	1
1768345.142500001	0.16	1.2	1
1770759.885800001	0.18	1.1	1
1773176.190500001	0.18	1.0	1
1775593.901000001	0.21	0.9	1
1778013.328400001	0.16	1.1	1
1780434.161600001	0.2	0.9	1
1782856.711700001	0.18	1.1	1
1785280.667600001	0.18	0.9	1
1787706.340400001	0.17	1.1	1
1790133.419000001	0.2	0.9	1
1792561.747800001	0.25	0.8	1
1794991.482400001	0.2	0.9	1
1797422.622800001	0.2	0.9	1
1799855.3246000009	0.19	1.0	1
1802289.276600001	0.23	0.8	1
1804725.101100001	0.16	1.2	1
1807162.175800001	0.23	0.8	1
1809600.656300001	0.2	0.9	1
1812040.6982000011	0.19	1.0	1
1814482.3015000012	0.19	1.0	1
1816925.1550000012	0.23	0.8	1
1819369.2587000013	0.23	0.8	1
1821814.7682000012	0.22	0.9	1
1824261.8391000011	0.17	1.0	1
1826710.7825000011	0.16	1.2	1
1829160.9761000013	0.22	0.8	1
1831612.4199000013	0.22	0.8	1
1834065.2695000013	0.2	0.9	1
1836519.8360000013	0.17	1.1	1
1838976.4305000012	0.14	1.3	1
1841434.7419000012	0.18	1.1	1
1843894.4591000013	0.19	0.9	1
1846355.5821000012	0.21	0.9	1
1848818.1109000011	0.21	0.9	1
1851282.5122000012	0.17	1.2	1
1853748.163700001	0.22	0.8	1
1856215.376600001	0.21	1.0	1
1858683.995300001	0.2	0.9	1
1861154.175400001	0.19	1.0	1
1863626.228000001	0.16	1.2	1
1866099.530800001	0.24	0.8	1
1868574.239400001	0.2	0.9	1
1871050.820500001	0.15	1.2	1
1873529.274100001	0.16	1.2	1
1876009.600200001	0.16	1.2	1
1878491.332100001	0.21	0.9	1
1880975.2476000008	0.14	1.4	1
1883460.4133000008	0.22	0.8	1
1885946.984800001	0.2	0.9	1
1888435.2732000009	0.18	1.1	1
1890924.967400001	0.2	0.9	1
1893416.3785000008	0.18	1.1	1
1895909.6621000008	0.15	1.2	1
1898404.8182000008	0.17	1.2	1
1900901.6912000007	0.17	1.1	1
1903399.9700000007	0.21	0.9	1
1905900.1213000007	0.16	1.2	1
1908401.6784000008	0.18	0.9	1
1910904.6413000007	0.21	0.9	1
1913409.1656000006	0.19	1.0	1
1915915.2513000006	0.18	1.0	1
1918422.7428000006	0.2	0.9	1
1920931.4845000005	0.22	0.8	1
1923441.6320000004	0.2	0.9	1
1925953.9631000005	0.18	1.4	1
1928467.7000000004	0.22	0.9	1
1930982.9983000003	0.19	1.0	1
1933500.3246000004	0.16	1.3	1
1936019.0567000003	0.18	0.9	1
1938539.3502000002	0.19	1.0	1
1941061.2051000001	0.18	1.0	1
1943584.7769000002	0.18	1.1	1
1946109.9101000002	0.17	1.0	1
1948636.2935000001	0.25	0.8	1
1951164.0827000001	0.21	0.9	1
1953693.4333000001	0.18	1.0	1
1956224.1897000002	0.18	0.9	1
1958756.3519000001	0.2	0.9	1
1961290.8532	0.14	1.5	1
1963826.9159	0.19	1.0	1
1966364.2288	0.24	0.8	1
1968903.2585999998	0.19	1.1	1
1971444.0052999998	0.17	1.1	1
1973986.4688999997	0.17	1.1	1
1976530.1826999998	0.23	0.8	1
1979075.6133999997	0.19	1.1	1
1981622.9165999996	0.15	1.2	1
1984171.9366999997	0.16	1.1	1
1986722.5181999998	0.18	1.0	1
1989274.8165999998	0.19	1.1	1
1991828.3652	0.23	0.8	1
1994383.6306999999	0.18	1.1	1
1996940.4575999998	0.17	1.0	1
1999498.6903	0.21	0.9	1
2002058.4844	0.2	1.0	1
2004619.6842999998	0.19	0.9	1
2007182.4455999997	0.17	1.0	1
2009746.7682999996	0.18	1.0	1
2012312.9634999996	0.15	1.2	1
2014881.0311999996	0.16	1.2	1
2017450.8157999995	0.17	1.1	1
2020022.0061999995	0.2	0.9	1
2022594.6023999995	0.21	0.9	1
2025168.7599999995	0.18	1.0	1
2027744.3233999996	0.22	0.9	1
2030321.6036999996	0.17	1.1	1
2032900.4453999996	0.21	1.0	1
2035481.4706999997	0.14	1.4	1
2038063.7461999997	0.22	0.8	1
2040647.2718999998	0.21	0.8	1
2043232.2033999998	0.2	0.9	1
2045818.3850999998	0.24	0.8	1
2048405.9725999997	0.19	0.9	1
2050994.9658999997	0.18	0.9	1
2053585.2093999998	0.23	0.8	1
2056177.0143	0.18	1.0	1
2058770.5361	0.16	1.1	1
2061365.9304	0.17	1.2	1
2063962.7305	0.22	0.9	1
2066560.9364	0.21	0.9	1
2069160.7037	0.2	1.0	1
2071762.0324	0.18	1.0	1
2074365.078	0.18	1.1	1
2076969.5293999999	0.22	0.9	1
2079575.6977	0.17	1.1	1
2082183.8939999999	0.15	1.3	1
2084793.6516999998	0.18	1.0	1
2087404.9707999998	0.19	1.0	1
2090017.8512999997	0.19	1.0	1
2092632.2931999997	0.19	1.0	1
2095248.1408999998	0.2	0.9	1
2097865.55	0.19	1.0	1
2100484.5204999996	0.2	1.0	1
2103104.8967999998	0.19	0.9	1
2105726.6788999997	0.21	0.9	1
2108349.8667999995	0.21	0.9	1
2110975.0826999997	0.15	1.3	1
2113601.7043999997	0.21	0.9	1
2116229.7318999995	0.2	0.9	1
2118859.1651999997	0.2	0.9	1
2121490.1599	0.18	1.0	1
2124122.716	0.18	1.0	1
2126757.1446	0.17	1.2	1
2129392.9790000003	0.21	0.9	1
2132030.2192	0.22	0.9	1
2134668.7096	0.23	0.8	1
