8045174	7000.0	11	6000.0	0.7067	0	1.1667	1.8734000000000002
8048314	5000.0	12	6000.0	0.5	0	0.8333	1.3333
8036296	6000.0	9	6000.0	0.6067	0	1.0	1.6067
8047842	6000.0	12	6000.0	0.6	0.3333	1.0	1.9333
8045336	6000.0	13	8000.0	0.6	0	0.75	1.35
2024919	27000.0	16	18000.0	2.7058	0	1.5	4.2058
8036507	12000.0	16	18000.0	1.2058	1.2058	0.6667	3.0783
8038035	14000.0	0	500.0	1.4	0	28.0	29.4
8035521	13000.0	0	500.0	1.3	29.4	26.0	56.7
8038611	17000.0	0	500.0	1.7	56.7	34.0	92.4
8042543	16000.0	0	500.0	1.6	92.4	32.0	126.0
8039918	14000.0	0	500.0	1.4	126.0	28.0	155.4
8035099	14000.0	0	500.0	1.4	155.4	28.0	184.8
8045538	16000.0	0	500.0	1.6	184.8	32.0	218.4
8034239	14000.0	0	500.0	1.4	218.4	28.0	247.8
6258190	17000.0	0	500.0	1.7	247.8	34.0	283.5
8041171	14000.0	0	500.0	1.4	283.5	28.0	312.9
8045900	15000.0	0	500.0	1.5	312.9	30.0	344.4
8044246	14000.0	0	500.0	1.4	344.4	28.0	373.79999999999995
8044318	15000.0	0	500.0	1.5	373.8	30.0	405.3
8045911	13000.0	0	500.0	1.3	405.3	26.0	432.6
8034765	12000.0	14	12000.0	1.2	0	1.0	2.2
8034705	13000.0	14	12000.0	1.3	2.2	1.0833	4.5832999999999995
8045167	12000.0	14	12000.0	1.2	4.5833	1.0	6.7833000000000006
8042583	12000.0	14	12000.0	1.2	6.7833	1.0	8.9833
8045592	14000.0	14	12000.0	1.4	8.9833	1.1667	11.55
8042652	13000.0	14	12000.0	1.3	11.55	1.0833	13.933300000000001
8034606	11000.0	14	12000.0	1.1	13.9333	0.9167	15.95
8038637	14000.0	14	12000.0	1.4	15.95	1.1667	18.516699999999997
8037642	15000.0	14	12000.0	1.5	18.5167	1.25	21.2667
8042969	13000.0	14	12000.0	1.3	21.2667	1.0833	23.650000000000002
8035359	15000.0	14	12000.0	1.5	23.65	1.25	26.4
8045221	14000.0	14	12000.0	1.4	26.4	1.1667	28.966699999999996
8040090	14000.0	14	12000.0	1.4	28.9667	1.1667	31.533399999999997
8046517	14000.0	14	12000.0	1.4	31.5334	1.1667	34.1001
8037964	14000.0	14	12000.0	1.4	34.1001	1.1667	36.666799999999995
8042407	17000.0	14	12000.0	1.7	36.6668	1.4167	39.783500000000004
8034959	15000.0	14	12000.0	1.5	39.7835	1.25	42.5335
8035413	13000.0	14	12000.0	1.3	42.5335	1.0833	44.916799999999995
8040178	16000.0	14	12000.0	1.6	44.9168	1.3333	47.850100000000005
8041428	15000.0	14	12000.0	1.5	47.8501	1.25	50.6001
8040950	10000.0	14	12000.0	1.0	50.6001	0.8333	52.4334
8036709	17000.0	14	12000.0	1.7	52.4334	1.4167	55.5501
8048371	15000.0	14	12000.0	1.5	55.5501	1.25	58.3001
8047622	13000.0	14	12000.0	1.3	58.3001	1.0833	60.6834
8044117	13000.0	14	12000.0	1.3	60.6834	1.0833	63.0667
8040741	14000.0	14	12000.0	1.4	63.0667	1.1667	65.63340000000001
8043836	14000.0	14	12000.0	1.4	65.6334	1.1667	68.2001
8035601	13000.0	14	12000.0	1.3	68.2001	1.0833	70.5834
8036400	14000.0	14	12000.0	1.4	70.5834	1.1667	73.15010000000001
8044124	15000.0	14	12000.0	1.5	73.1501	1.25	75.9001
8047654	13000.0	14	12000.0	1.3	75.9001	1.0833	78.28339999999999
8036409	13000.0	14	12000.0	1.3	78.2834	1.0833	80.66669999999999
8044414	14000.0	14	12000.0	1.4	80.6667	1.1667	83.23340000000002
8048030	15000.0	14	12000.0	1.5	83.2334	1.25	85.9834
8047990	15000.0	14	12000.0	1.5	85.9834	1.25	88.7334
8039084	15000.0	14	12000.0	1.5	88.7334	1.25	91.4834
8039161	14000.0	14	12000.0	1.4	91.4834	1.1667	94.05010000000001
8037337	11000.0	14	12000.0	1.1	94.0501	0.9167	96.0668
8037754	12000.0	14	12000.0	1.2	96.0668	1.0	98.2668
8043525	14000.0	14	12000.0	1.4	98.2668	1.1667	100.83350000000002
8036557	14000.0	14	12000.0	1.4	100.8335	1.1667	103.40020000000001
8047001	14000.0	14	12000.0	1.4	103.4002	1.1667	105.96690000000001
8042063	14000.0	14	12000.0	1.4	105.9669	1.1667	108.5336
8047053	13000.0	14	12000.0	1.3	108.5336	1.0833	110.9169
8040789	12000.0	14	12000.0	1.2	110.9169	1.0	113.1169
8047245	14000.0	14	12000.0	1.4	113.1169	1.1667	115.68360000000001
8044900	13000.0	14	12000.0	1.3	115.6836	1.0833	118.06689999999999
8047216	12000.0	14	12000.0	1.2	118.0669	1.0	120.2669
6260678	14000.0	14	12000.0	1.4	120.2669	1.1667	122.83360000000002
8047247	12000.0	14	12000.0	1.2	122.8336	1.0	125.0336
8046349	15000.0	15	16000.0	1.5	0	0.9375	2.4375
8035499	14000.0	15	16000.0	1.4	2.4375	0.875	4.7125
8037829	13000.0	15	16000.0	1.3	4.7125	0.8125	6.825
8043266	13000.0	15	16000.0	1.3	6.825	0.8125	8.9375
8034458	14000.0	15	16000.0	1.4	8.9375	0.875	11.2125
8037609	15000.0	15	16000.0	1.5	11.2125	0.9375	13.65
8034595	12000.0	15	16000.0	1.2	13.65	0.75	15.6
8042176	14000.0	15	16000.0	1.4	15.6	0.875	17.875
8034784	12000.0	15	16000.0	1.2	17.875	0.75	19.825
8037929	12000.0	15	16000.0	1.2	19.825	0.75	21.775
8035037	13000.0	15	16000.0	1.3	21.775	0.8125	23.8875
8043036	13000.0	15	16000.0	1.3	23.8875	0.8125	26.0
8040051	12000.0	15	16000.0	1.2	26.0	0.75	27.95
8042326	14000.0	15	16000.0	1.4	27.95	0.875	30.224999999999998
8043068	13000.0	15	16000.0	1.3	30.225	0.8125	32.337500000000006
8036858	14000.0	15	16000.0	1.4	32.3375	0.875	34.6125
8038424	12000.0	15	16000.0	1.2	34.6125	0.75	36.5625
8035229	11000.0	15	16000.0	1.1	36.5625	0.6875	38.35
8046403	13000.0	15	16000.0	1.3	38.35	0.8125	40.4625
8038427	11000.0	15	16000.0	1.1	40.4625	0.6875	42.25
8034925	12000.0	15	16000.0	1.2	42.25	0.75	44.2
8038444	13000.0	15	16000.0	1.3	44.2	0.8125	46.3125
8045937	14000.0	15	16000.0	1.4	46.3125	0.875	48.5875
8035606	13000.0	15	16000.0	1.3	48.5875	0.8125	50.699999999999996
8047500	15000.0	15	16000.0	1.5	50.7	0.9375	53.1375
8038284	13000.0	15	16000.0	1.3	53.1375	0.8125	55.25
8043999	14000.0	15	16000.0	1.4	55.25	0.875	57.525
8041827	13000.0	15	16000.0	1.3	57.525	0.8125	59.637499999999996
8037164	13000.0	15	16000.0	1.3	59.6375	0.8125	61.75
8048470	12000.0	15	16000.0	1.2	61.75	0.75	63.7
8044038	14000.0	15	16000.0	1.4	63.7	0.875	65.97500000000001
8043879	14000.0	15	16000.0	1.4	65.975	0.875	68.25
8048660	13000.0	15	16000.0	1.3	68.25	0.8125	70.3625
8047379	15000.0	15	16000.0	1.5	70.3625	0.9375	72.8
8048671	14000.0	15	16000.0	1.4	72.8	0.875	75.075
8040988	13000.0	15	16000.0	1.3	75.075	0.8125	77.1875
8041181	13000.0	15	16000.0	1.3	77.1875	0.8125	79.3
8047905	14000.0	15	16000.0	1.4	79.3	0.875	81.575
6257857	13000.0	15	16000.0	1.3	81.575	0.8125	83.6875
8040645	15000.0	15	16000.0	1.5	83.6875	0.9375	86.125
8047663	12000.0	15	16000.0	1.2	86.125	0.75	88.075
8047689	14000.0	15	16000.0	1.4	88.075	0.875	90.35000000000001
8037279	14000.0	15	16000.0	1.4	90.35	0.875	92.625
8041730	14000.0	15	16000.0	1.4	92.625	0.875	94.9
8048145	12000.0	15	16000.0	1.2	94.9	0.75	96.85000000000001
8044292	14000.0	15	16000.0	1.4	96.85	0.875	99.125
8044257	14000.0	15	16000.0	1.4	99.125	0.875	101.4
8040744	13000.0	15	16000.0	1.3	101.4	0.8125	103.5125
8035680	13000.0	15	16000.0	1.3	103.5125	0.8125	105.625
8046802	13000.0	15	16000.0	1.3	105.625	0.8125	107.7375
8039664	14000.0	15	16000.0	1.4	107.7375	0.875	110.0125
8043536	16000.0	15	16000.0	1.6	110.0125	1.0	112.6125
8039473	14000.0	15	16000.0	1.4	112.6125	0.875	114.8875
8038189	13000.0	15	16000.0	1.3	114.8875	0.8125	117.0
8035911	16000.0	15	16000.0	1.6	117.0	1.0	119.6
8044998	16000.0	15	16000.0	1.6	119.6	1.0	122.19999999999999
8043439	14000.0	15	16000.0	1.4	122.2	0.875	124.47500000000001
8043661	14000.0	15	16000.0	1.4	124.475	0.875	126.75
8038209	13000.0	15	16000.0	1.3	126.75	0.8125	128.8625
6261255	16000.0	15	16000.0	1.6	128.8625	1.0	131.4625
8039846	13000.0	16	18000.0	1.3058	2.0783	0.7222	4.1063
8037599	14000.0	16	18000.0	1.4058	4.1063	0.7778	6.2899
8046693	15000.0	16	18000.0	1.5058	6.2899	0.8333	8.629
8043201	13000.0	16	18000.0	1.3058	8.629	0.7222	10.657
8036755	14000.0	16	18000.0	1.4058	10.657	0.7778	12.840599999999998
8034377	16000.0	16	18000.0	1.6058	12.8406	0.8889	15.3353
8042694	15000.0	16	18000.0	1.5058	15.3353	0.8333	17.674400000000002
8035585	15000.0	16	18000.0	1.5058	17.6744	0.8333	20.0135
8046277	16000.0	16	18000.0	1.6058	20.0135	0.8889	22.5082
8037621	13000.0	16	18000.0	1.3058	22.5082	0.7222	24.5362
8042554	12000.0	16	18000.0	1.2058	24.5362	0.6667	26.4087
8046318	9000.0	16	18000.0	0.9058	26.4087	0.5	27.8145
8039755	14000.0	16	18000.0	1.4058	27.8145	0.7778	29.998099999999997
8043084	14000.0	16	18000.0	1.4058	29.9981	0.7778	32.1817
8037596	15000.0	16	18000.0	1.5058	32.1817	0.8333	34.5208
8040367	13000.0	16	18000.0	1.3058	34.5208	0.7222	36.5488
8039983	13000.0	16	18000.0	1.3058	36.5488	0.7222	38.5768
8040351	13000.0	16	18000.0	1.3058	38.5768	0.7222	40.6048
8046054	12000.0	16	18000.0	1.2058	40.6048	0.6667	42.47729999999999
8046187	16000.0	16	18000.0	1.6058	42.4773	0.8889	44.972
8042805	14000.0	16	18000.0	1.4058	44.972	0.7778	47.1556
8043193	15000.0	16	18000.0	1.5058	47.1556	0.8333	49.4947
8042433	13000.0	16	18000.0	1.3058	49.4947	0.7222	51.5227
8039879	12000.0	16	18000.0	1.2058	51.5227	0.6667	53.395199999999996
8042870	14000.0	16	18000.0	1.4058	53.3952	0.7778	55.5788
8037903	10000.0	16	18000.0	1.0058	55.5788	0.5556	57.1402
8043919	12000.0	16	18000.0	1.2058	57.1402	0.6667	59.0127
8048528	13000.0	16	18000.0	1.3058	59.0127	0.7222	61.0407
8041807	12000.0	16	18000.0	1.2058	61.0407	0.6667	62.913199999999996
6258723	14000.0	16	18000.0	1.4058	62.9132	0.7778	65.0968
8040729	13000.0	16	18000.0	1.3058	65.0968	0.7222	67.12480000000001
8043867	13000.0	16	18000.0	1.3058	67.1248	0.7222	69.1528
8043749	11000.0	16	18000.0	1.1058	69.1528	0.6111	70.8697
8041285	14000.0	16	18000.0	1.4058	70.8697	0.7778	73.0533
8038230	14000.0	16	18000.0	1.4058	73.0533	0.7778	75.23689999999999
8036289	14000.0	16	18000.0	1.4058	75.2369	0.7778	77.4205
8036381	14000.0	16	18000.0	1.4058	77.4205	0.7778	79.6041
6259658	14000.0	16	18000.0	1.4058	79.6041	0.7778	81.7877
8037128	13000.0	16	18000.0	1.3058	81.7877	0.7222	83.8157
8037399	13000.0	16	18000.0	1.3058	83.8157	0.7222	85.84370000000001
8036280	15000.0	16	18000.0	1.5058	85.8437	0.8333	88.18279999999999
8044378	13000.0	16	18000.0	1.3058	88.1828	0.7222	90.2108
8037730	14000.0	16	18000.0	1.4058	90.2108	0.7778	92.3944
8047854	14000.0	16	18000.0	1.4058	92.3944	0.7778	94.578
8037698	12000.0	16	18000.0	1.2058	94.578	0.6667	96.4505
8047909	15000.0	16	18000.0	1.5058	96.4505	0.8333	98.7896
8044337	15000.0	16	18000.0	1.5058	98.7896	0.8333	101.12869999999998
8047692	11000.0	16	18000.0	1.1058	101.1287	0.6111	102.84559999999999
8038330	13000.0	16	18000.0	1.3058	102.8456	0.7222	104.87360000000001
6257226	13000.0	16	18000.0	1.3058	104.8736	0.7222	106.9016
8044271	16000.0	16	18000.0	1.6058	106.9016	0.8889	109.39630000000001
8041864	14000.0	16	18000.0	1.4058	109.3963	0.7778	111.5799
8036021	12000.0	16	18000.0	1.2058	111.5799	0.6667	113.4524
8043312	13000.0	16	18000.0	1.3058	113.4524	0.7222	115.4804
8040423	14000.0	16	18000.0	1.4058	115.4804	0.7778	117.664
8040969	13000.0	16	18000.0	1.3058	117.664	0.7222	119.69200000000001
8039537	17000.0	16	18000.0	1.7058	119.692	0.9444	122.34219999999999
8035625	15000.0	16	18000.0	1.5058	122.3422	0.8333	124.6813
8036532	17000.0	16	18000.0	1.7058	124.6813	0.9444	127.33149999999999
8041951	14000.0	16	18000.0	1.4058	127.3315	0.7778	129.51510000000002
8046795	13000.0	16	18000.0	1.3058	129.5151	0.7222	131.54309999999998
