9175571	18000.0	0	500.0	1.8	0	36.0	37.8
9173721	14000.0	0	500.0	1.4	37.8	28.0	67.19999999999999
9173820	9000.0	0	500.0	0.9	67.2	18.0	86.10000000000001
9177298	6000.0	0	500.0	0.6	86.1	12.0	98.69999999999999
9177259	4000.0	0	500.0	0.4	98.7	8.0	107.10000000000001
9174230	4000.0	0	500.0	0.4	107.1	8.0	115.5
9171370	3000.0	0	500.0	0.3	115.5	6.0	121.8
9171388	4000.0	0	500.0	0.4	121.8	8.0	130.2
9169982	4000.0	0	500.0	0.4	130.2	8.0	138.6
9170185	7000.0	0	500.0	0.7	138.6	14.0	153.29999999999998
9178086	6000.0	0	500.0	0.6	153.3	12.0	165.9
9171197	23000.0	0	500.0	2.3	165.9	46.0	214.20000000000002
9170251	3000.0	0	500.0	0.3	214.2	6.0	220.5
9168936	8000.0	0	500.0	0.8	220.5	16.0	237.3
9167507	12000.0	0	500.0	1.2	237.3	24.0	262.5
9167273	5000.0	0	500.0	0.5	262.5	10.0	273.0
9167661	14000.0	0	500.0	1.4	273.0	28.0	302.4
9168306	9000.0	0	500.0	0.9	302.4	18.0	321.29999999999995
9176155	7000.0	0	500.0	0.7	321.3	14.0	336.0
9176453	12000.0	0	500.0	1.2	336.0	24.0	361.2
9172985	2000.0	4	4000.0	0.2038	0	0.5	0.7038
9178206	3000.0	4	4000.0	0.3038	0.7038	0.75	1.7576
9170607	3000.0	4	4000.0	0.3038	1.7576	0.75	2.8114
9168578	3000.0	4	4000.0	0.3038	2.8114	0.75	3.8651999999999997
9176285	3000.0	4	4000.0	0.3038	3.8652	0.75	4.9190000000000005
9175742	3000.0	4	4000.0	0.3038	4.919	0.75	5.972799999999999
9174795	3000.0	4	4000.0	0.3038	5.9728	0.75	7.0266
9174575	3000.0	5	4000.0	0.3038	0	0.75	1.0538
9175333	3000.0	5	4000.0	0.3038	1.0538	0.75	2.1076
9178470	3000.0	5	4000.0	0.3038	2.1076	0.75	3.1614
9172282	3000.0	5	4000.0	0.3038	3.1614	0.75	4.215199999999999
9173243	3000.0	5	4000.0	0.3038	4.2152	0.75	5.269
9169064	3000.0	5	4000.0	0.3038	5.269	0.75	6.3228
9169552	3000.0	6	5000.0	0.3038	0	0.6	0.9037999999999999
9170559	3000.0	6	5000.0	0.3038	0.9038	0.6	1.8075999999999999
9167136	3000.0	6	5000.0	0.3038	1.8076	0.6	2.7114000000000003
9175739	3000.0	6	5000.0	0.3038	2.7114	0.6	3.6151999999999997
9174669	3000.0	6	5000.0	0.3038	3.6152	0.6	4.519
9178573	3000.0	6	5000.0	0.3038	4.519	0.6	5.4228
9168265	3000.0	6	5000.0	0.3038	5.4228	0.6	6.326599999999999
9172071	3000.0	7	5000.0	0.3038	0	0.6	0.9037999999999999
9169749	3000.0	7	5000.0	0.3038	0.9038	0.6	1.8075999999999999
9170148	3000.0	7	5000.0	0.3038	1.8076	0.6	2.7114000000000003
9174458	3000.0	7	5000.0	0.3038	2.7114	0.6	3.6151999999999997
9177541	3000.0	7	5000.0	0.3038	3.6152	0.6	4.519
9172266	3000.0	7	5000.0	0.3038	4.519	0.6	5.4228
9169945	3000.0	7	5000.0	0.3038	5.4228	0.6	6.326599999999999
9176944	3000.0	7	5000.0	0.3038	6.3266	0.6	7.2303999999999995
9167283	3000.0	7	5000.0	0.3038	7.2304	0.6	8.1342
9176703	3000.0	7	5000.0	0.3038	8.1342	0.6	9.038
9167721	3000.0	7	5000.0	0.3038	9.038	0.6	9.9418
9177614	3000.0	8	5000.0	0.3067	0	0.6	0.9067
9173780	3000.0	8	5000.0	0.3067	0.9067	0.6	1.8134000000000001
9171095	2000.0	8	5000.0	0.2067	1.8134	0.4	2.4200999999999997
9172741	3000.0	8	5000.0	0.3067	2.4201	0.6	3.3268
9170962	3000.0	8	5000.0	0.3067	3.3268	0.6	4.233499999999999
9170350	3000.0	8	5000.0	0.3067	4.2335	0.6	5.1402
9174252	3000.0	8	5000.0	0.3067	5.1402	0.6	6.0469
9178421	3000.0	8	5000.0	0.3067	6.0469	0.6	6.9536
9172375	3000.0	8	5000.0	0.3067	6.9536	0.6	7.8603
9176844	2000.0	8	5000.0	0.2067	7.8603	0.4	8.467
9176645	3000.0	8	5000.0	0.3067	8.467	0.6	9.3737
9175976	3000.0	8	5000.0	0.3067	9.3737	0.6	10.280399999999998
9178601	3000.0	8	5000.0	0.3067	10.2804	0.6	11.1871
9174053	4000.0	9	6000.0	0.4067	0	0.6667	1.0734
9169425	5000.0	9	6000.0	0.5067	1.0734	0.8333	2.4133999999999998
9174360	4000.0	9	6000.0	0.4067	2.4134	0.6667	3.4868
9174206	4000.0	9	6000.0	0.4067	3.4868	0.6667	4.5602
9178061	7000.0	9	6000.0	0.7067	4.5602	1.1667	6.4336
9173066	4000.0	9	6000.0	0.4067	6.4336	0.6667	7.507
9177151	7000.0	9	6000.0	0.7067	7.507	1.1667	9.3804
9173272	4000.0	9	6000.0	0.4067	9.3804	0.6667	10.453800000000001
9171206	4000.0	9	6000.0	0.4067	10.4538	0.6667	11.5272
9178615	4000.0	9	6000.0	0.4067	11.5272	0.6667	12.600600000000002
9167694	7000.0	9	6000.0	0.7067	12.6006	1.1667	14.474
9169199	6000.0	9	6000.0	0.6067	14.474	1.0	16.0807
9168411	6000.0	9	6000.0	0.6067	16.0807	1.0	17.6874
9167642	4000.0	9	6000.0	0.4067	17.6874	0.6667	18.7608
9168278	4000.0	9	6000.0	0.4067	18.7608	0.6667	19.8342
9173976	4000.0	10	6000.0	0.4067	0	0.6667	1.0734
9174399	4000.0	10	6000.0	0.4067	1.0734	0.6667	2.1468
9172950	5000.0	10	6000.0	0.5067	2.1468	0.8333	3.4867999999999997
9172803	4000.0	10	6000.0	0.4067	3.4868	0.6667	4.5602
9173539	4000.0	10	6000.0	0.4067	4.5602	0.6667	5.6335999999999995
9175535	4000.0	10	6000.0	0.4067	5.6336	0.6667	6.707
9168919	4000.0	10	6000.0	0.4067	6.707	0.6667	7.780399999999999
9175939	4000.0	10	6000.0	0.4067	7.7804	0.6667	8.853800000000001
9168719	6000.0	10	6000.0	0.6067	8.8538	1.0	10.4605
9172161	6000.0	11	6000.0	0.6067	0	1.0	1.6067
9171641	6000.0	11	6000.0	0.6067	1.6067	1.0	3.2134
9170527	4000.0	11	6000.0	0.4067	3.2134	0.6667	4.2867999999999995
9174248	5000.0	11	6000.0	0.5067	4.2868	0.8333	5.626800000000001
9172605	4000.0	11	6000.0	0.4067	5.6268	0.6667	6.7002
9173319	6000.0	11	6000.0	0.6067	6.7002	1.0	8.306899999999999
9172290	4000.0	11	6000.0	0.4067	8.3069	0.6667	9.380300000000002
9171391	7000.0	11	6000.0	0.7067	9.3803	1.1667	11.2537
9174520	6000.0	11	6000.0	0.6067	11.2537	1.0	12.8604
9175884	6000.0	11	6000.0	0.6067	12.8604	1.0	14.4671
9178616	5000.0	11	6000.0	0.5067	14.4671	0.8333	15.8071
9166967	4000.0	11	6000.0	0.4067	15.8071	0.6667	16.880499999999998
9175277	7000.0	12	6000.0	0.7	0	1.1667	1.8667
9173955	4000.0	12	6000.0	0.4	1.8667	0.6667	2.9334000000000002
9170402	4000.0	12	6000.0	0.4	2.9334	0.6667	4.0001
9170844	7000.0	12	6000.0	0.7	4.0001	1.1667	5.8668
9173164	4000.0	12	6000.0	0.4	5.8668	0.6667	6.9334999999999996
9178356	4000.0	12	6000.0	0.4	6.9335	0.6667	8.000200000000001
9176381	4000.0	12	6000.0	0.4	8.0002	0.6667	9.0669
9176945	5000.0	12	6000.0	0.5	9.0669	0.8333	10.4002
9175843	4000.0	12	6000.0	0.4	10.4002	0.6667	11.4669
9167554	5000.0	12	6000.0	0.5	11.4669	0.8333	12.8002
9168887	4000.0	12	6000.0	0.4	12.8002	0.6667	13.866900000000001
9177075	6000.0	13	8000.0	0.6	0	0.75	1.35
9171978	5000.0	13	8000.0	0.5	1.35	0.625	2.475
9171085	4000.0	13	8000.0	0.4	2.475	0.5	3.375
9174243	7000.0	13	8000.0	0.7	3.375	0.875	4.95
9170576	4000.0	13	8000.0	0.4	4.95	0.5	5.8500000000000005
9171461	6000.0	13	8000.0	0.6	5.85	0.75	7.199999999999999
9175543	5000.0	13	8000.0	0.5	7.2	0.625	8.325
9170361	7000.0	13	8000.0	0.7	8.325	0.875	9.899999999999999
9170200	4000.0	13	8000.0	0.4	9.9	0.5	10.8
9176632	4000.0	13	8000.0	0.4	10.8	0.5	11.700000000000001
9167399	4000.0	13	8000.0	0.4	11.7	0.5	12.6
9174720	5000.0	13	8000.0	0.5	12.6	0.625	13.725
9176752	5000.0	13	8000.0	0.5	13.725	0.625	14.85
9168368	6000.0	13	8000.0	0.6	14.85	0.75	16.2
9168287	4000.0	13	8000.0	0.4	16.2	0.5	17.099999999999998
9175261	12000.0	14	12000.0	1.2	0	1.0	2.2
9173920	15000.0	14	12000.0	1.5	2.2	1.25	4.95
9177751	19000.0	14	12000.0	1.9	4.95	1.5833	8.4333
9171597	50000.0	14	12000.0	5.0	8.4333	4.1667	17.599999999999998
9171775	16000.0	14	12000.0	1.6	17.6	1.3333	20.533300000000004
9170816	35000.0	14	12000.0	3.5	20.5333	2.9167	26.95
9177463	8000.0	14	12000.0	0.8	26.95	0.6667	28.4167
9174499	14000.0	14	12000.0	1.4	28.4167	1.1667	30.983399999999996
9175387	8000.0	14	12000.0	0.8	30.9834	0.6667	32.4501
9170092	16000.0	14	12000.0	1.6	32.4501	1.3333	35.3834
9175002	19000.0	14	12000.0	1.9	35.3834	1.5833	38.8667
9176552	42000.0	14	12000.0	4.2	38.8667	3.5	46.566700000000004
9176925	15000.0	14	12000.0	1.5	46.5667	1.25	49.3167
9176768	19000.0	14	12000.0	1.9	49.3167	1.5833	52.8
9178554	14000.0	14	12000.0	1.4	52.8	1.1667	55.366699999999994
9175885	15000.0	14	12000.0	1.5	55.3667	1.25	58.1167
9176237	15000.0	14	12000.0	1.5	58.1167	1.25	60.8667
9167624	11000.0	14	12000.0	1.1	60.8667	0.9167	62.8834
9167775	8000.0	14	12000.0	0.8	62.8834	0.6667	64.3501
9167545	14000.0	14	12000.0	1.4	64.3501	1.1667	66.91680000000001
9176497	8000.0	14	12000.0	0.8	66.9168	0.6667	68.3835
9173874	8000.0	15	16000.0	0.8	0	0.5	1.3
9169576	15000.0	15	16000.0	1.5	1.3	0.9375	3.7375
9169635	8000.0	15	16000.0	0.8	3.7375	0.5	5.0375
9169559	12000.0	15	16000.0	1.2	5.0375	0.75	6.9875
9174124	12000.0	15	16000.0	1.2	6.9875	0.75	8.9375
9170536	13000.0	15	16000.0	1.3	8.9375	0.8125	11.05
9170528	15000.0	15	16000.0	1.5	11.05	0.9375	13.4875
9170512	23000.0	15	16000.0	2.3	13.4875	1.4375	17.225
9173016	24000.0	15	16000.0	2.4	17.225	1.5	21.125
9178060	11000.0	15	16000.0	1.1	21.125	0.6875	22.9125
9175492	8000.0	15	16000.0	0.8	22.9125	0.5	24.212500000000002
9170795	15000.0	15	16000.0	1.5	24.2125	0.9375	26.65
9177427	9000.0	15	16000.0	0.9	26.65	0.5625	28.112499999999997
9170709	11000.0	15	16000.0	1.1	28.1125	0.6875	29.900000000000002
9174442	13000.0	15	16000.0	1.3	29.9	0.8125	32.0125
9170352	13000.0	15	16000.0	1.3	32.0125	0.8125	34.125
9177572	14000.0	15	16000.0	1.4	34.125	0.875	36.4
9172255	14000.0	15	16000.0	1.4	36.4	0.875	38.675
9169975	15000.0	15	16000.0	1.5	38.675	0.9375	41.1125
9170344	15000.0	15	16000.0	1.5	41.1125	0.9375	43.55
9170310	17000.0	15	16000.0	1.7	43.55	1.0625	46.3125
9168953	14000.0	15	16000.0	1.4	46.3125	0.875	48.5875
9168929	12000.0	15	16000.0	1.2	48.5875	0.75	50.5375
9168220	11000.0	15	16000.0	1.1	50.5375	0.6875	52.325
9168033	48000.0	15	16000.0	4.8	52.325	3.0	60.125
9167964	11000.0	15	16000.0	1.1	60.125	0.6875	61.9125
9168999	11000.0	15	16000.0	1.1	61.9125	0.6875	63.7
9168020	14000.0	15	16000.0	1.4	63.7	0.875	65.97500000000001
9168865	16000.0	15	16000.0	1.6	65.975	1.0	68.57499999999999
9176101	15000.0	15	16000.0	1.5	68.575	0.9375	71.0125
9168804	12000.0	15	16000.0	1.2	71.0125	0.75	72.9625
9168749	18000.0	15	16000.0	1.8	72.9625	1.125	75.8875
9168310	14000.0	15	16000.0	1.4	75.8875	0.875	78.16250000000001
9169557	9000.0	16	18000.0	0.9058	0	0.5	1.4058000000000002
9171983	16000.0	16	18000.0	1.6058	1.4058	0.8889	3.9004999999999996
9174346	37000.0	16	18000.0	3.7058	3.9005	2.0556	9.6619
9178363	11000.0	16	18000.0	1.1058	9.6619	0.6111	11.3788
9177670	8000.0	16	18000.0	0.8058	11.3788	0.4444	12.629
9173606	12000.0	16	18000.0	1.2058	12.629	0.6667	14.5015
9175136	8000.0	16	18000.0	0.8058	14.5015	0.4444	15.7517
9177287	10000.0	16	18000.0	1.0058	15.7517	0.5556	17.3131
9171165	19000.0	16	18000.0	1.9058	17.3131	1.0556	20.274499999999996
9177404	18000.0	16	18000.0	1.8058	20.2745	1.0	23.0803
9170803	10000.0	16	18000.0	1.0058	23.0803	0.5556	24.6417
9177426	23000.0	16	18000.0	2.3058	24.6417	1.2778	28.2253
9170330	10000.0	16	18000.0	1.0058	28.2253	0.5556	29.7867
9177880	15000.0	16	18000.0	1.5058	29.7867	0.8333	32.1258
9177525	10000.0	16	18000.0	1.0058	32.1258	0.5556	33.6872
9176378	14000.0	16	18000.0	1.4058	33.6872	0.7778	35.870799999999996
9167914	11000.0	16	18000.0	1.1058	35.8708	0.6111	37.587700000000005
9176355	26000.0	16	18000.0	2.6058	37.5877	1.4444	41.6379
9174681	13000.0	16	18000.0	1.3058	41.6379	0.7222	43.6659
9174710	12000.0	16	18000.0	1.2058	43.6659	0.6667	45.5384
9169339	11000.0	16	18000.0	1.1058	45.5384	0.6111	47.255300000000005
9167606	8000.0	16	18000.0	0.8058	47.2553	0.4444	48.5055
9176187	10000.0	16	18000.0	1.0058	48.5055	0.5556	50.0669
9174890	16000.0	16	18000.0	1.6058	50.0669	0.8889	52.5616
9176225	14000.0	16	18000.0	1.4058	52.5616	0.7778	54.7452
9169821	19000.0	0	500.0	1.9	360.2	38.0	400.09999999999997
9170322	8000.0	0	500.0	0.8	400.1	16.0	416.90000000000003
9168877	7000.0	0	500.0	0.7	416.9	14.0	431.59999999999997
9171026	5000.0	0	500.0	0.5	431.6	10.0	442.1
9174880	4000.0	0	500.0	0.4	442.1	8.0	450.5
9170638	5000.0	9	6000.0	0.5067	18.8342	0.8333	20.1742
9170211	5000.0	9	6000.0	0.5067	20.1742	0.8333	21.5142
9171559	7000.0	9	6000.0	0.7067	21.5142	1.1667	23.3876
9174214	6000.0	9	6000.0	0.6067	23.3876	1.0	24.9943
9173661	5000.0	9	6000.0	0.5067	24.9943	0.8333	26.3343
9177579	6000.0	9	6000.0	0.6067	26.3343	1.0	27.941
9178319	5000.0	9	6000.0	0.5067	27.941	0.8333	29.281
9175028	6000.0	9	6000.0	0.6067	29.281	1.0	30.8877
9176170	5000.0	9	6000.0	0.5067	30.8877	0.8333	32.2277
9175268	7000.0	10	6000.0	0.7067	9.4605	1.1667	11.3339
9169834	5000.0	10	6000.0	0.5067	11.3339	0.8333	12.6739
9176348	5000.0	10	6000.0	0.5067	12.6739	0.8333	14.0139
9174917	7000.0	10	6000.0	0.7067	14.0139	1.1667	15.8873
9172705	6000.0	10	6000.0	0.6067	15.8873	1.0	17.494
9175191	7000.0	10	6000.0	0.7067	17.494	1.1667	19.3674
9166946	6000.0	10	6000.0	0.6067	19.3674	1.0	20.9741
9172177	6000.0	11	6000.0	0.6067	15.8805	1.0	17.4872
9176851	7000.0	11	6000.0	0.7067	17.4872	1.1667	19.3606
9172737	5000.0	11	6000.0	0.5067	19.3606	0.8333	20.7006
9169664	6000.0	11	6000.0	0.6067	20.7006	1.0	22.3073
9169567	5000.0	11	6000.0	0.5067	22.3073	0.8333	23.6473
9167000	5000.0	11	6000.0	0.5067	23.6473	0.8333	24.9873
9169823	5000.0	12	6000.0	0.5	12.8669	0.8333	14.200199999999999
9169901	6000.0	12	6000.0	0.6	14.2002	1.0	15.8002
9177191	6000.0	12	6000.0	0.6	15.8002	1.0	17.4002
9168674	5000.0	12	6000.0	0.5	17.4002	0.8333	18.733500000000003
9167898	7000.0	12	6000.0	0.7	18.7335	1.1667	20.600199999999997
9171196	5000.0	12	6000.0	0.5	20.6002	0.8333	21.933500000000002
9172923	6000.0	13	8000.0	0.6	16.1	0.75	17.450000000000003
9171898	6000.0	13	8000.0	0.6	17.45	0.75	18.8
9170174	7000.0	13	8000.0	0.7	18.8	0.875	20.375
9170298	5000.0	13	8000.0	0.5	20.375	0.625	21.5
9171599	6000.0	13	8000.0	0.6	21.5	0.75	22.85
9178371	7000.0	13	8000.0	0.7	22.85	0.875	24.425
9171055	6000.0	13	8000.0	0.6	24.425	0.75	25.775000000000002
9178255	6000.0	13	8000.0	0.6	25.775	0.75	27.125
9167203	8000.0	14	12000.0	0.8	67.3835	0.6667	68.8502
9172858	12000.0	14	12000.0	1.2	68.8502	1.0	71.0502
9168705	16000.0	14	12000.0	1.6	71.0502	1.3333	73.98349999999999
9172295	15000.0	14	12000.0	1.5	73.9835	1.25	76.7335
9171851	15000.0	14	12000.0	1.5	76.7335	1.25	79.4835
9171845	12000.0	14	12000.0	1.2	79.4835	1.0	81.68350000000001
9172014	10000.0	14	12000.0	1.0	81.6835	0.8333	83.51679999999999
9176572	15000.0	14	12000.0	1.5	83.5168	1.25	86.2668
9174701	14000.0	14	12000.0	1.4	86.2668	1.1667	88.83350000000002
9178185	9000.0	14	12000.0	0.9	88.8335	0.75	90.4835
9170756	9000.0	14	12000.0	0.9	90.4835	0.75	92.13350000000001
9174846	9000.0	14	12000.0	0.9	92.1335	0.75	93.7835
9173923	10000.0	14	12000.0	1.0	93.7835	0.8333	95.6168
9173966	15000.0	14	12000.0	1.5	95.6168	1.25	98.3668
9175026	13000.0	14	12000.0	1.3	98.3668	1.0833	100.75009999999999
9173963	14000.0	14	12000.0	1.4	100.7501	1.1667	103.31680000000001
9169711	8000.0	14	12000.0	0.8	103.3168	0.6667	104.7835
9174978	8000.0	15	16000.0	0.8	77.1625	0.5	78.46249999999999
9176750	14000.0	15	16000.0	1.4	78.4625	0.875	80.73750000000001
9167874	8000.0	15	16000.0	0.8	80.7375	0.5	82.0375
9177660	8000.0	15	16000.0	0.8	82.0375	0.5	83.33749999999999
9170051	11000.0	15	16000.0	1.1	83.3375	0.6875	85.125
9172944	14000.0	15	16000.0	1.4	85.125	0.875	87.4
9171364	28000.0	15	16000.0	2.8	87.4	1.75	91.95
9173288	8000.0	15	16000.0	0.8	91.95	0.5	93.25
9171010	13000.0	15	16000.0	1.3	93.25	0.8125	95.3625
9166938	8000.0	15	16000.0	0.8	95.3625	0.5	96.6625
9175655	15000.0	15	16000.0	1.5	96.6625	0.9375	99.1
9178628	10000.0	15	16000.0	1.0	99.1	0.625	100.725
9173657	8000.0	15	16000.0	0.8	100.725	0.5	102.02499999999999
9173567	8000.0	15	16000.0	0.8	102.025	0.5	103.325
9169701	11000.0	15	16000.0	1.1	103.325	0.6875	105.1125
9168405	14000.0	15	16000.0	1.4	105.1125	0.875	107.3875
9167021	22000.0	15	16000.0	2.2	107.3875	1.375	110.9625
9171493	8000.0	16	18000.0	0.8058	53.7452	0.4444	54.9954
9177791	10000.0	16	18000.0	1.0058	54.9954	0.5556	56.556799999999996
9168696	12000.0	16	18000.0	1.2058	56.5568	0.6667	58.429300000000005
9172997	8000.0	16	18000.0	0.8058	58.4293	0.4444	59.6795
9176777	9000.0	16	18000.0	0.9058	59.6795	0.5	61.0853
9172268	8000.0	16	18000.0	0.8058	61.0853	0.4444	62.335499999999996
9167723	11000.0	16	18000.0	1.1058	62.3355	0.6111	64.0524
9172489	13000.0	16	18000.0	1.3058	64.0524	0.7222	66.08040000000001
9173341	15000.0	16	18000.0	1.5058	66.0804	0.8333	68.41949999999999
9171073	21000.0	16	18000.0	2.1058	68.4195	1.1667	71.69200000000001
9173449	15000.0	16	18000.0	1.5058	71.692	0.8333	74.03109999999998
9168229	8000.0	16	18000.0	0.8058	74.0311	0.4444	75.2813
9173663	23000.0	16	18000.0	2.3058	75.2813	1.2778	78.8649
9173116	12000.0	16	18000.0	1.2058	78.8649	0.6667	80.73740000000001
9178049	9000.0	16	18000.0	0.9058	80.7374	0.5	82.1432
9171156	11000.0	0	500.0	1.1	449.5	22.0	472.6
9177440	7000.0	0	500.0	0.7	472.6	14.0	487.3
9168191	5000.0	0	500.0	0.5	487.3	10.0	497.8
9175419	3000.0	0	500.0	0.3	497.8	6.0	504.1
9177453	6000.0	0	500.0	0.6	504.1	12.0	516.7
9171935	9000.0	0	500.0	0.9	516.7	18.0	535.6
9171386	5000.0	0	500.0	0.5	535.6	10.0	546.1
9168098	28000.0	0	500.0	2.8	546.1	56.0	604.9
9177610	14000.0	0	500.0	1.4	604.9	28.0	634.3
9171494	25000.0	0	500.0	2.5	634.3	50.0	686.8
9171489	8000.0	0	500.0	0.8	686.8	16.0	703.5999999999999
9171466	5000.0	0	500.0	0.5	703.6	10.0	714.1
9171564	11000.0	0	500.0	1.1	714.1	22.0	737.2
9175112	17000.0	0	500.0	1.7	737.2	34.0	772.9000000000001
9178316	2000.0	0	500.0	0.2	772.9	4.0	777.1
9173970	6000.0	0	500.0	0.6	777.1	12.0	789.7
9174886	10000.0	0	500.0	1.0	789.7	20.0	810.7
9174257	6000.0	0	500.0	0.6	810.7	12.0	823.3000000000001
9176423	6000.0	0	500.0	0.6	823.3	12.0	835.9
9167627	6000.0	0	500.0	0.6	835.9	12.0	848.5
9172226	5000.0	0	500.0	0.5	848.5	10.0	859.0
9167564	7000.0	0	500.0	0.7	859.0	14.0	873.7
9175972	12000.0	0	500.0	1.2	873.7	24.0	898.9000000000001
9172896	5000.0	0	500.0	0.5	898.9	10.0	909.4
9175186	4000.0	0	500.0	0.4	909.4	8.0	917.8
9176405	9000.0	0	500.0	0.9	917.8	18.0	936.6999999999999
9172055	5000.0	0	500.0	0.5	936.7	10.0	947.2
9172668	8000.0	0	500.0	0.8	947.2	16.0	964.0
9177949	5000.0	0	500.0	0.5	964.0	10.0	974.5
9175651	6000.0	0	500.0	0.6	974.5	12.0	987.1
9170376	5000.0	0	500.0	0.5	987.1	10.0	997.6
9168982	9000.0	0	500.0	0.9	997.6	18.0	1016.5
9170775	15000.0	0	500.0	1.5	1016.5	30.0	1048.0
9174647	3000.0	0	500.0	0.3	1048.0	6.0	1054.3
9178519	7000.0	0	500.0	0.7	1054.3	14.0	1069.0
9170497	9000.0	0	500.0	0.9	1069.0	18.0	1087.9
9168681	12000.0	0	500.0	1.2	1087.9	24.0	1113.1000000000001
9170152	15000.0	0	500.0	1.5	1113.1	30.0	1144.6
9170877	6000.0	0	500.0	0.6	1144.6	12.0	1157.1999999999998
9168443	11000.0	0	500.0	1.1	1157.2	22.0	1180.3
9168403	5000.0	0	500.0	0.5	1180.3	10.0	1190.8
9170253	5000.0	0	500.0	0.5	1190.8	10.0	1201.3
9171492	3000.0	4	4000.0	0.3038	5.0266	0.75	6.0804
9173156	3000.0	4	4000.0	0.3038	6.0804	0.75	7.1342
9177802	3000.0	5	4000.0	0.3038	4.3228	0.75	5.3766
9172863	3000.0	5	4000.0	0.3038	5.3766	0.75	6.4304
9172576	3000.0	5	4000.0	0.3038	6.4304	0.75	7.4841999999999995
9169334	3000.0	6	5000.0	0.3038	4.3266	0.6	5.2303999999999995
9177003	3000.0	6	5000.0	0.3038	5.2304	0.6	6.1342
9177690	3000.0	7	5000.0	0.3038	7.9418	0.6	8.8456
9174652	3000.0	7	5000.0	0.3038	8.8456	0.6	9.7494
9167770	3000.0	8	5000.0	0.3067	9.1871	0.6	10.093799999999998
9170996	6000.0	9	6000.0	0.6067	31.2277	1.0	32.8344
9170973	7000.0	9	6000.0	0.7067	32.8344	1.1667	34.7078
9170999	4000.0	9	6000.0	0.4067	34.7078	0.6667	35.7812
9171819	5000.0	9	6000.0	0.5067	35.7812	0.8333	37.1212
9167951	7000.0	9	6000.0	0.7067	37.1212	1.1667	38.9946
9177582	7000.0	9	6000.0	0.7067	38.9946	1.1667	40.867999999999995
9174708	7000.0	9	6000.0	0.7067	40.868	1.1667	42.7414
9176017	5000.0	9	6000.0	0.5067	42.7414	0.8333	44.0814
9173297	7000.0	9	6000.0	0.7067	44.0814	1.1667	45.9548
9178105	5000.0	9	6000.0	0.5067	45.9548	0.8333	47.2948
9166904	4000.0	9	6000.0	0.4067	47.2948	0.6667	48.3682
9173965	5000.0	9	6000.0	0.5067	48.3682	0.8333	49.708200000000005
9175017	4000.0	9	6000.0	0.4067	49.7082	0.6667	50.7816
9166807	7000.0	9	6000.0	0.7067	50.7816	1.1667	52.654999999999994
9172385	6000.0	9	6000.0	0.6067	52.655	1.0	54.261700000000005
9167462	6000.0	9	6000.0	0.6067	54.2617	1.0	55.868399999999994
9167449	6000.0	9	6000.0	0.6067	55.8684	1.0	57.4751
9174259	6000.0	9	6000.0	0.6067	57.4751	1.0	59.0818
9175928	5000.0	9	6000.0	0.5067	59.0818	0.8333	60.421800000000005
9178426	6000.0	9	6000.0	0.6067	60.4218	1.0	62.028499999999994
9167289	5000.0	9	6000.0	0.5067	62.0285	0.8333	63.368500000000004
9174668	6000.0	9	6000.0	0.6067	63.3685	1.0	64.9752
9178488	5000.0	9	6000.0	0.5067	64.9752	0.8333	66.31519999999999
9170539	5000.0	9	6000.0	0.5067	66.3152	0.8333	67.6552
9169113	5000.0	9	6000.0	0.5067	67.6552	0.8333	68.99519999999998
9168597	6000.0	9	6000.0	0.6067	68.9952	1.0	70.6019
9175669	4000.0	9	6000.0	0.4067	70.6019	0.6667	71.67530000000001
9175645	7000.0	9	6000.0	0.7067	71.6753	1.1667	73.5487
9169392	7000.0	9	6000.0	0.7067	73.5487	1.1667	75.4221
9170160	6000.0	9	6000.0	0.6067	75.4221	1.0	77.0288
9176735	5000.0	9	6000.0	0.5067	77.0288	0.8333	78.3688
9174526	5000.0	9	6000.0	0.5067	78.3688	0.8333	79.70879999999998
9177471	6000.0	10	6000.0	0.6067	19.9741	1.0	21.5808
9177580	5000.0	10	6000.0	0.5067	21.5808	0.8333	22.9208
9171457	7000.0	10	6000.0	0.7067	22.9208	1.1667	24.7942
9174316	5000.0	10	6000.0	0.5067	24.7942	0.8333	26.1342
9175398	5000.0	10	6000.0	0.5067	26.1342	0.8333	27.4742
9173378	5000.0	10	6000.0	0.5067	27.4742	0.8333	28.8142
9173393	5000.0	10	6000.0	0.5067	28.8142	0.8333	30.1542
9173104	4000.0	10	6000.0	0.4067	30.1542	0.6667	31.2276
9173889	6000.0	10	6000.0	0.6067	31.2276	1.0	32.8343
9175074	5000.0	10	6000.0	0.5067	32.8343	0.8333	34.1743
9173713	6000.0	10	6000.0	0.6067	34.1743	1.0	35.781000000000006
9166716	7000.0	10	6000.0	0.7067	35.781	1.1667	37.654399999999995
9175254	4000.0	10	6000.0	0.4067	37.6544	0.6667	38.7278
9172583	5000.0	10	6000.0	0.5067	38.7278	0.8333	40.067800000000005
9177956	7000.0	10	6000.0	0.7067	40.0678	1.1667	41.941199999999995
9167317	7000.0	10	6000.0	0.7067	41.9412	1.1667	43.8146
9176169	6000.0	10	6000.0	0.6067	43.8146	1.0	45.4213
9168955	5000.0	10	6000.0	0.5067	45.4213	0.8333	46.761300000000006
9170061	4000.0	10	6000.0	0.4067	46.7613	0.6667	47.8347
9174675	7000.0	10	6000.0	0.7067	47.8347	1.1667	49.708099999999995
9168722	4000.0	10	6000.0	0.4067	49.7081	0.6667	50.7815
9170878	7000.0	10	6000.0	0.7067	50.7815	1.1667	52.6549
9168516	5000.0	10	6000.0	0.5067	52.6549	0.8333	53.9949
9168525	6000.0	10	6000.0	0.6067	53.9949	1.0	55.601600000000005
9175818	7000.0	11	6000.0	0.7067	23.9873	1.1667	25.8607
9177753	5000.0	11	6000.0	0.5067	25.8607	0.8333	27.2007
9170998	6000.0	11	6000.0	0.6067	27.2007	1.0	28.8074
9175378	5000.0	11	6000.0	0.5067	28.8074	0.8333	30.1474
9167871	5000.0	11	6000.0	0.5067	30.1474	0.8333	31.4874
9171351	7000.0	11	6000.0	0.7067	31.4874	1.1667	33.3608
9168101	4000.0	11	6000.0	0.4067	33.3608	0.6667	34.4342
9173415	6000.0	11	6000.0	0.6067	34.4342	1.0	36.04089999999999
9166917	4000.0	11	6000.0	0.4067	36.0409	0.6667	37.1143
9173263	5000.0	11	6000.0	0.5067	37.1143	0.8333	38.4543
9173710	5000.0	11	6000.0	0.5067	38.4543	0.8333	39.79430000000001
9167528	6000.0	11	6000.0	0.6067	39.7943	1.0	41.400999999999996
9178393	4000.0	11	6000.0	0.4067	41.401	0.6667	42.4744
9177963	6000.0	11	6000.0	0.6067	42.4744	1.0	44.081100000000006
9167380	5000.0	11	6000.0	0.5067	44.0811	0.8333	45.4211
9172682	6000.0	11	6000.0	0.6067	45.4211	1.0	47.0278
9172684	4000.0	11	6000.0	0.4067	47.0278	0.6667	48.1012
9170057	7000.0	11	6000.0	0.7067	48.1012	1.1667	49.974599999999995
9174436	4000.0	11	6000.0	0.4067	49.9746	0.6667	51.048
9178525	7000.0	11	6000.0	0.7067	51.048	1.1667	52.9214
9170666	6000.0	11	6000.0	0.6067	52.9214	1.0	54.528099999999995
9168531	7000.0	11	6000.0	0.7067	54.5281	1.1667	56.4015
9176941	5000.0	11	6000.0	0.5067	56.4015	0.8333	57.7415
9176937	5000.0	11	6000.0	0.5067	57.7415	0.8333	59.081500000000005
9169002	4000.0	11	6000.0	0.4067	59.0815	0.6667	60.1549
9169615	7000.0	11	6000.0	0.7067	60.1549	1.1667	62.028299999999994
9177117	5000.0	11	6000.0	0.5067	62.0283	0.8333	63.368300000000005
9175576	5000.0	11	6000.0	0.5067	63.3683	0.8333	64.7083
9177307	6000.0	11	6000.0	0.6067	64.7083	1.0	66.315
9168658	5000.0	11	6000.0	0.5067	66.315	0.8333	67.65499999999999
9176762	5000.0	11	6000.0	0.5067	67.655	0.8333	68.99499999999999
9168450	5000.0	11	6000.0	0.5067	68.995	0.8333	70.335
9169437	5000.0	11	6000.0	0.5067	70.335	0.8333	71.67499999999998
9177237	5000.0	11	6000.0	0.5067	71.675	0.8333	73.01499999999999
9177203	5000.0	11	6000.0	0.5067	73.015	0.8333	74.35499999999999
9174601	6000.0	11	6000.0	0.6067	74.355	1.0	75.96170000000001
9174427	5000.0	11	6000.0	0.5067	75.9617	0.8333	77.30169999999998
9177500	5000.0	12	6000.0	0.5	20.9335	0.8333	22.2668
9171944	4000.0	12	6000.0	0.4	22.2668	0.6667	23.333499999999997
9174977	5000.0	12	6000.0	0.5	23.3335	0.8333	24.666800000000002
9171412	4000.0	12	6000.0	0.4	24.6668	0.6667	25.733499999999996
9177552	6000.0	12	6000.0	0.6	25.7335	1.0	27.3335
9176637	4000.0	12	6000.0	0.4	27.3335	0.6667	28.400199999999998
9171270	7000.0	12	6000.0	0.7	28.4002	1.1667	30.2669
9171272	5000.0	12	6000.0	0.5	30.2669	0.8333	31.6002
9171319	6000.0	12	6000.0	0.6	31.6002	1.0	33.2002
9171334	5000.0	12	6000.0	0.5	33.2002	0.8333	34.533500000000004
9166808	7000.0	12	6000.0	0.7	34.5335	1.1667	36.4002
9177878	4000.0	12	6000.0	0.4	36.4002	0.6667	37.466899999999995
9172456	5000.0	12	6000.0	0.5	37.4669	0.8333	38.800200000000004
9177820	5000.0	12	6000.0	0.5	38.8002	0.8333	40.1335
9167314	7000.0	12	6000.0	0.7	40.1335	1.1667	42.0002
9170690	7000.0	12	6000.0	0.7	42.0002	1.1667	43.8669
9177353	5000.0	12	6000.0	0.5	43.8669	0.8333	45.2002
9169508	6000.0	12	6000.0	0.6	45.2002	1.0	46.800200000000004
9168778	7000.0	12	6000.0	0.7	46.8002	1.1667	48.6669
9168630	5000.0	12	6000.0	0.5	48.6669	0.8333	50.0002
9170625	5000.0	12	6000.0	0.5	50.0002	0.8333	51.3335
9169955	6000.0	12	6000.0	0.6	51.3335	1.0	52.9335
9169875	4000.0	12	6000.0	0.4	52.9335	0.6667	54.0002
9177410	4000.0	12	6000.0	0.4	54.0002	0.6667	55.0669
9178535	6000.0	12	6000.0	0.6	55.0669	1.0	56.6669
9168487	5000.0	12	6000.0	0.5	56.6669	0.8333	58.0002
9170781	5000.0	12	6000.0	0.5	58.0002	0.8333	59.3335
9168255	7000.0	13	8000.0	0.7	26.125	0.875	27.7
9171524	6000.0	13	8000.0	0.6	27.7	0.75	29.05
9176620	6000.0	13	8000.0	0.6	29.05	0.75	30.400000000000002
9171252	4000.0	13	8000.0	0.4	30.4	0.5	31.299999999999997
9171832	5000.0	13	8000.0	0.5	31.3	0.625	32.425
9171663	5000.0	13	8000.0	0.5	32.425	0.625	33.55
9174138	4000.0	13	8000.0	0.4	33.55	0.5	34.449999999999996
9173506	6000.0	13	8000.0	0.6	34.45	0.75	35.800000000000004
9166922	4000.0	13	8000.0	0.4	35.8	0.5	36.699999999999996
9176257	4000.0	13	8000.0	0.4	36.7	0.5	37.6
9176176	7000.0	13	8000.0	0.7	37.6	0.875	39.175000000000004
9176140	5000.0	13	8000.0	0.5	39.175	0.625	40.3
9166902	6000.0	13	8000.0	0.6	40.3	0.75	41.65
9166729	6000.0	13	8000.0	0.6	41.65	0.75	43.0
9176427	7000.0	13	8000.0	0.7	43.0	0.875	44.575
9175221	7000.0	13	8000.0	0.7	44.575	0.875	46.150000000000006
9172113	6000.0	13	8000.0	0.6	46.15	0.75	47.5
9172204	5000.0	13	8000.0	0.5	47.5	0.625	48.625
9176470	5000.0	13	8000.0	0.5	48.625	0.625	49.75
9176452	4000.0	13	8000.0	0.4	49.75	0.5	50.65
9176414	4000.0	13	8000.0	0.4	50.65	0.5	51.55
9172935	6000.0	13	8000.0	0.6	51.55	0.75	52.9
9172707	7000.0	13	8000.0	0.7	52.9	0.875	54.475
9169307	7000.0	13	8000.0	0.7	54.475	0.875	56.050000000000004
9175649	5000.0	13	8000.0	0.5	56.05	0.625	57.175
9170604	5000.0	13	8000.0	0.5	57.175	0.625	58.3
9170407	6000.0	13	8000.0	0.6	58.3	0.75	59.65
9174629	5000.0	13	8000.0	0.5	59.65	0.625	60.775
9168628	6000.0	13	8000.0	0.6	60.775	0.75	62.125
9176720	7000.0	13	8000.0	0.7	62.125	0.875	63.7
9175728	6000.0	13	8000.0	0.6	63.7	0.75	65.05
9177170	5000.0	13	8000.0	0.5	65.05	0.625	66.175
9176537	9000.0	14	12000.0	0.9	103.7835	0.75	105.43350000000001
9167806	8000.0	14	12000.0	0.8	105.4335	0.6667	106.9002
9171863	13000.0	14	12000.0	1.3	106.9002	1.0833	109.28349999999999
9177710	11000.0	14	12000.0	1.1	109.2835	0.9167	111.3002
9177716	10000.0	14	12000.0	1.0	111.3002	0.8333	113.1335
9170919	8000.0	14	12000.0	0.8	113.1335	0.6667	114.6002
9175801	8000.0	14	12000.0	0.8	114.6002	0.6667	116.0669
9167815	15000.0	14	12000.0	1.5	116.0669	1.25	118.8169
9178445	18000.0	14	12000.0	1.8	118.8169	1.5	122.1169
9171381	13000.0	14	12000.0	1.3	122.1169	1.0833	124.50019999999999
9177625	8000.0	14	12000.0	0.8	124.5002	0.6667	125.96690000000001
9171546	8000.0	14	12000.0	0.8	125.9669	0.6667	127.4336
9176621	13000.0	14	12000.0	1.3	127.4336	1.0833	129.8169
9171534	13000.0	14	12000.0	1.3	129.8169	1.0833	132.20020000000002
9168061	17000.0	14	12000.0	1.7	132.2002	1.4167	135.31689999999998
9168004	8000.0	14	12000.0	0.8	135.3169	0.6667	136.7836
9168010	15000.0	14	12000.0	1.5	136.7836	1.25	139.5336
9175324	11000.0	14	12000.0	1.1	139.5336	0.9167	141.5503
9167858	11000.0	14	12000.0	1.1	141.5503	0.9167	143.56699999999998
9175882	8000.0	14	12000.0	0.8	143.567	0.6667	145.0337
9176633	8000.0	14	12000.0	0.8	145.0337	0.6667	146.5004
9167905	11000.0	14	12000.0	1.1	146.5004	0.9167	148.5171
9175355	10000.0	14	12000.0	1.0	148.5171	0.8333	150.3504
9172052	15000.0	14	12000.0	1.5	150.3504	1.25	153.1004
9175230	9000.0	14	12000.0	0.9	153.1004	0.75	154.7504
9173384	8000.0	14	12000.0	0.8	154.7504	0.6667	156.21710000000002
9178179	14000.0	14	12000.0	1.4	156.2171	1.1667	158.78379999999999
9173236	9000.0	14	12000.0	0.9	158.7838	0.75	160.43380000000002
9176336	12000.0	14	12000.0	1.2	160.4338	1.0	162.63379999999998
9178058	15000.0	14	12000.0	1.5	162.6338	1.25	165.3838
9173062	8000.0	14	12000.0	0.8	165.3838	0.6667	166.8505
9173084	8000.0	14	12000.0	0.8	166.8505	0.6667	168.3172
9176315	8000.0	14	12000.0	0.8	168.3172	0.6667	169.78390000000002
9167017	15000.0	14	12000.0	1.5	169.7839	1.25	172.5339
9173004	8000.0	14	12000.0	0.8	172.5339	0.6667	174.0006
9178295	14000.0	14	12000.0	1.4	174.0006	1.1667	176.5673
9176195	13000.0	14	12000.0	1.3	176.5673	1.0833	178.9506
9173903	8000.0	14	12000.0	0.8	178.9506	0.6667	180.4173
9174097	8000.0	14	12000.0	0.8	180.4173	0.6667	181.88400000000001
9174018	10000.0	14	12000.0	1.0	181.884	0.8333	183.7173
9173599	10000.0	14	12000.0	1.0	183.7173	0.8333	185.5506
9166719	8000.0	14	12000.0	0.8	185.5506	0.6667	187.0173
9173684	13000.0	14	12000.0	1.3	187.0173	1.0833	189.40060000000003
9178252	13000.0	14	12000.0	1.3	189.4006	1.0833	191.78390000000002
9173770	9000.0	14	12000.0	0.9	191.7839	0.75	193.4339
9167529	8000.0	14	12000.0	0.8	193.4339	0.6667	194.9006
9174246	8000.0	14	12000.0	0.8	194.9006	0.6667	196.3673
9174820	10000.0	14	12000.0	1.0	196.3673	0.8333	198.2006
9172248	8000.0	14	12000.0	0.8	198.2006	0.6667	199.6673
9172564	10000.0	14	12000.0	1.0	199.6673	0.8333	201.50060000000002
9172779	8000.0	14	12000.0	0.8	201.5006	0.6667	202.9673
9177991	8000.0	14	12000.0	0.8	202.9673	0.6667	204.434
9178009	15000.0	14	12000.0	1.5	204.434	1.25	207.184
9174839	16000.0	14	12000.0	1.6	207.184	1.3333	210.1173
9172953	13000.0	14	12000.0	1.3	210.1173	1.0833	212.50060000000002
9167409	9000.0	14	12000.0	0.9	212.5006	0.75	214.1506
9167378	13000.0	14	12000.0	1.3	214.1506	1.0833	216.53390000000002
9174402	10000.0	14	12000.0	1.0	216.5339	0.8333	218.3672
9178510	9000.0	14	12000.0	0.9	218.3672	0.75	220.0172
9170746	16000.0	14	12000.0	1.6	220.0172	1.3333	222.9505
9169523	10000.0	14	12000.0	1.0	222.9505	0.8333	224.7838
9170076	8000.0	14	12000.0	0.8	224.7838	0.6667	226.25050000000002
9177371	12000.0	14	12000.0	1.2	226.2505	1.0	228.45049999999998
9170726	9000.0	14	12000.0	0.9	228.4505	0.75	230.1005
9169269	15000.0	14	12000.0	1.5	230.1005	1.25	232.8505
9169233	9000.0	14	12000.0	0.9	232.8505	0.75	234.50050000000002
9170489	9000.0	14	12000.0	0.9	234.5005	0.75	236.1505
9175678	17000.0	14	12000.0	1.7	236.1505	1.4167	239.26719999999997
9174677	10000.0	14	12000.0	1.0	239.2672	0.8333	241.1005
9169950	13000.0	14	12000.0	1.3	241.1005	1.0833	243.48380000000003
9169932	9000.0	14	12000.0	0.9	243.4838	0.75	245.1338
9177323	13000.0	14	12000.0	1.3	245.1338	1.0833	247.51710000000003
9175509	8000.0	14	12000.0	0.8	247.5171	0.6667	248.9838
9170182	15000.0	14	12000.0	1.5	248.9838	1.25	251.7338
9175637	13000.0	14	12000.0	1.3	251.7338	1.0833	254.11710000000002
9175889	17000.0	15	16000.0	1.7	109.9625	1.0625	112.72500000000001
9172047	10000.0	15	16000.0	1.0	112.725	0.625	114.35
9175901	9000.0	15	16000.0	0.9	114.35	0.5625	115.8125
9177461	37000.0	15	16000.0	3.7	115.8125	2.3125	121.825
9168311	14000.0	15	16000.0	1.4	121.825	0.875	124.10000000000001
9177444	13000.0	15	16000.0	1.3	124.1	0.8125	126.21249999999999
9176513	11000.0	15	16000.0	1.1	126.2125	0.6875	128.0
9171481	15000.0	15	16000.0	1.5	128.0	0.9375	130.4375
9177526	13000.0	15	16000.0	1.3	130.4375	0.8125	132.55
9168063	15000.0	15	16000.0	1.5	132.55	0.9375	134.9875
9177637	13000.0	15	16000.0	1.3	134.9875	0.8125	137.10000000000002
9169348	8000.0	15	16000.0	0.8	137.1	0.5	138.4
9173313	9000.0	15	16000.0	0.9	138.4	0.5625	139.8625
9166945	11000.0	15	16000.0	1.1	139.8625	0.6875	141.65
9173032	10000.0	15	16000.0	1.0	141.65	0.625	143.275
9173065	8000.0	15	16000.0	0.8	143.275	0.5	144.57500000000002
9176316	13000.0	15	16000.0	1.3	144.575	0.8125	146.6875
9167074	8000.0	15	16000.0	0.8	146.6875	0.5	147.9875
9173172	10000.0	15	16000.0	1.0	147.9875	0.625	149.6125
9178290	9000.0	15	16000.0	0.9	149.6125	0.5625	151.07500000000002
9173822	15000.0	15	16000.0	1.5	151.075	0.9375	153.5125
9173699	8000.0	15	16000.0	0.8	153.5125	0.5	154.8125
9173745	9000.0	15	16000.0	0.9	154.8125	0.5625	156.275
9172978	8000.0	15	16000.0	0.8	156.275	0.5	157.57500000000002
9177867	9000.0	15	16000.0	0.9	157.575	0.5625	159.0375
9170911	8000.0	15	16000.0	0.8	159.0375	0.5	160.3375
9176433	11000.0	15	16000.0	1.1	160.3375	0.6875	162.125
9172483	15000.0	15	16000.0	1.5	162.125	0.9375	164.5625
9172120	9000.0	15	16000.0	0.9	164.5625	0.5625	166.025
9177790	17000.0	15	16000.0	1.7	166.025	1.0625	168.7875
9172250	8000.0	15	16000.0	0.8	168.7875	0.5	170.0875
9177982	9000.0	15	16000.0	0.9	170.0875	0.5625	171.55
9172880	9000.0	15	16000.0	0.9	171.55	0.5625	173.01250000000002
9175155	8000.0	15	16000.0	0.8	173.0125	0.5	174.3125
9167290	8000.0	15	16000.0	0.8	174.3125	0.5	175.6125
9172620	10000.0	15	16000.0	1.0	175.6125	0.625	177.2375
9167364	8000.0	15	16000.0	0.8	177.2375	0.5	178.53750000000002
9167356	8000.0	15	16000.0	0.8	178.5375	0.5	179.8375
9174205	10000.0	15	16000.0	1.0	179.8375	0.625	181.4625
9175193	13000.0	15	16000.0	1.3	181.4625	0.8125	183.57500000000002
9170701	12000.0	15	16000.0	1.2	183.575	0.75	185.52499999999998
9170661	13000.0	15	16000.0	1.3	185.525	0.8125	187.63750000000002
9176747	10000.0	15	16000.0	1.0	187.6375	0.625	189.2625
9168995	9000.0	15	16000.0	0.9	189.2625	0.5625	190.725
9174653	11000.0	15	16000.0	1.1	190.725	0.6875	192.5125
9169963	8000.0	15	16000.0	0.8	192.5125	0.5	193.8125
9169504	14000.0	15	16000.0	1.4	193.8125	0.875	196.0875
9174500	12000.0	15	16000.0	1.2	196.0875	0.75	198.0375
9169127	8000.0	15	16000.0	0.8	198.0375	0.5	199.3375
9169104	9000.0	15	16000.0	0.9	199.3375	0.5625	200.8
9178520	8000.0	15	16000.0	0.8	200.8	0.5	202.10000000000002
9174430	11000.0	15	16000.0	1.1	202.1	0.6875	203.8875
9174451	10000.0	15	16000.0	1.0	203.8875	0.625	205.5125
9169960	9000.0	15	16000.0	0.9	205.5125	0.5625	206.975
9169053	8000.0	15	16000.0	0.8	206.975	0.5	208.275
9178492	11000.0	15	16000.0	1.1	208.275	0.6875	210.0625
9169376	20000.0	15	16000.0	2.0	210.0625	1.25	213.3125
9170801	9000.0	15	16000.0	0.9	213.3125	0.5625	214.775
9169433	10000.0	15	16000.0	1.0	214.775	0.625	216.4
9169400	11000.0	15	16000.0	1.1	216.4	0.6875	218.1875
9168900	21000.0	15	16000.0	2.1	218.1875	1.3125	221.6
9174958	8000.0	15	16000.0	0.8	221.6	0.5	222.9
9169468	9000.0	15	16000.0	0.9	222.9	0.5625	224.3625
9168401	15000.0	15	16000.0	1.5	224.3625	0.9375	226.8
9177213	14000.0	15	16000.0	1.4	226.8	0.875	229.07500000000002
9176955	9000.0	15	16000.0	0.9	229.075	0.5625	230.5375
9171138	8000.0	16	18000.0	0.8058	81.1432	0.4444	82.3934
9174391	8000.0	16	18000.0	0.8058	82.3934	0.4444	83.6436
9174307	10000.0	16	18000.0	1.0058	83.6436	0.5556	85.205
9177744	45000.0	16	18000.0	4.5058	85.205	2.5	92.21079999999999
9172008	10000.0	16	18000.0	1.0058	92.2108	0.5556	93.7722
9171942	14000.0	16	18000.0	1.4058	93.7722	0.7778	95.9558
9175298	8000.0	16	18000.0	0.8058	95.9558	0.4444	97.206
9171403	16000.0	16	18000.0	1.6058	97.206	0.8889	99.70070000000001
9171414	9000.0	16	18000.0	0.9058	99.7007	0.5	101.1065
9174356	8000.0	16	18000.0	0.8058	101.1065	0.4444	102.3567
9174380	14000.0	16	18000.0	1.4058	102.3567	0.7778	104.5403
9171244	9000.0	16	18000.0	0.9058	104.5403	0.5	105.9461
9171685	11000.0	16	18000.0	1.1058	105.9461	0.6111	107.663
9175396	8000.0	16	18000.0	0.8058	107.663	0.4444	108.9132
9171653	8000.0	16	18000.0	0.8058	108.9132	0.4444	110.16340000000001
9174344	9000.0	16	18000.0	0.9058	110.1634	0.5	111.5692
9171682	9000.0	16	18000.0	0.9058	111.5692	0.5	112.975
9174800	8000.0	16	18000.0	0.8058	112.975	0.4444	114.2252
9173410	9000.0	16	18000.0	0.9058	114.2252	0.5	115.631
9173483	12000.0	16	18000.0	1.2058	115.631	0.6667	117.5035
9175088	10000.0	16	18000.0	1.0058	117.5035	0.5556	119.0649
9173549	9000.0	16	18000.0	0.9058	119.0649	0.5	120.4707
9173556	8000.0	16	18000.0	0.8058	120.4707	0.4444	121.7209
9178067	10000.0	16	18000.0	1.0058	121.7209	0.5556	123.28229999999999
9173177	8000.0	16	18000.0	0.8058	123.2823	0.4444	124.53250000000001
9175119	26000.0	16	18000.0	2.6058	124.5325	1.4444	128.5827
9178214	9000.0	16	18000.0	0.9058	128.5827	0.5	129.9885
9166702	25000.0	16	18000.0	2.5058	129.9885	1.3889	133.8832
9173850	8000.0	16	18000.0	0.8058	133.8832	0.4444	135.1334
9174106	9000.0	16	18000.0	0.9058	135.1334	0.5	136.5392
9176125	9000.0	16	18000.0	0.9058	136.5392	0.5	137.945
9166863	10000.0	16	18000.0	1.0058	137.945	0.5556	139.50639999999999
9178378	8000.0	16	18000.0	0.8058	139.5064	0.4444	140.75660000000002
9173748	9000.0	16	18000.0	0.9058	140.7566	0.5	142.1624
9166779	9000.0	16	18000.0	0.9058	142.1624	0.5	143.5682
9173762	8000.0	16	18000.0	0.8058	143.5682	0.4444	144.8184
9174156	17000.0	16	18000.0	1.7058	144.8184	0.9444	147.4686
9172982	14000.0	16	18000.0	1.4058	147.4686	0.7778	149.65220000000002
9177882	11000.0	16	18000.0	1.1058	149.6522	0.6111	151.36909999999997
9177860	10000.0	16	18000.0	1.0058	151.3691	0.5556	152.9305
9172344	8000.0	16	18000.0	0.8058	152.9305	0.4444	154.1807
9167550	14000.0	16	18000.0	1.4058	154.1807	0.7778	156.36430000000001
9172299	8000.0	16	18000.0	0.8058	156.3643	0.4444	157.6145
9176413	9000.0	16	18000.0	0.9058	157.6145	0.5	159.0203
9172768	11000.0	16	18000.0	1.1058	159.0203	0.6111	160.73719999999997
9172831	17000.0	16	18000.0	1.7058	160.7372	0.9444	163.3874
9172872	15000.0	16	18000.0	1.5058	163.3874	0.8333	165.72650000000002
9175474	9000.0	16	18000.0	0.9058	165.7265	0.5	167.1323
9174613	17000.0	16	18000.0	1.7058	167.1323	0.9444	169.7825
9168548	10000.0	16	18000.0	1.0058	169.7825	0.5556	171.3439
9178484	9000.0	16	18000.0	0.9058	171.3439	0.5	172.7497
9176739	8000.0	16	18000.0	0.8058	172.7497	0.4444	173.9999
9169744	8000.0	16	18000.0	0.8058	173.9999	0.4444	175.2501
9175590	8000.0	16	18000.0	0.8058	175.2501	0.4444	176.5003
9169102	9000.0	16	18000.0	0.9058	176.5003	0.5	177.9061
9169816	25000.0	16	18000.0	2.5058	177.9061	1.3889	181.8008
9175688	9000.0	16	18000.0	0.9058	181.8008	0.5	183.2066
9169222	8000.0	16	18000.0	0.8058	183.2066	0.4444	184.45680000000002
9170304	9000.0	16	18000.0	0.9058	184.4568	0.5	185.8626
9176810	8000.0	16	18000.0	0.8058	185.8626	0.4444	187.1128
9174685	9000.0	16	18000.0	0.9058	187.1128	0.5	188.5186
9177189	9000.0	16	18000.0	0.9058	188.5186	0.5	189.9244
9168814	10000.0	16	18000.0	1.0058	189.9244	0.5556	191.48579999999998
9170869	8000.0	16	18000.0	0.8058	191.4858	0.4444	192.73600000000002
9170220	11000.0	16	18000.0	1.1058	192.736	0.6111	194.45289999999997
9169306	9000.0	18	30000.0	0.9058	0	0.3	1.2058
9169088	11000.0	0	500.0	1.1	1200.3	22.0	1223.3999999999999
9177728	19000.0	0	500.0	1.9	1223.4	38.0	1263.3000000000002
9174734	7000.0	0	500.0	0.7	1263.3	14.0	1278.0
9172122	7000.0	0	500.0	0.7	1278.0	14.0	1292.7
9171126	4000.0	0	500.0	0.4	1292.7	8.0	1301.1000000000001
9178379	3000.0	5	4000.0	0.3038	6.4842	0.75	7.538
9168436	7000.0	9	6000.0	0.7067	78.7088	1.1667	80.5822
9169354	4000.0	9	6000.0	0.4067	80.5822	0.6667	81.6556
9167594	4000.0	9	6000.0	0.4067	81.6556	0.6667	82.72900000000001
9171664	6000.0	9	6000.0	0.6067	82.729	1.0	84.3357
9169544	7000.0	9	6000.0	0.7067	84.3357	1.1667	86.2091
9171098	5000.0	9	6000.0	0.5067	86.2091	0.8333	87.5491
9169470	5000.0	9	6000.0	0.5067	87.5491	0.8333	88.88909999999998
9177958	6000.0	9	6000.0	0.6067	88.8891	1.0	90.4958
9175266	7000.0	9	6000.0	0.7067	90.4958	1.1667	92.3692
9170598	7000.0	10	6000.0	0.7067	54.6016	1.1667	56.474999999999994
9174952	5000.0	10	6000.0	0.5067	56.475	0.8333	57.815000000000005
9171030	6000.0	10	6000.0	0.6067	57.815	1.0	59.4217
9178006	7000.0	10	6000.0	0.7067	59.4217	1.1667	61.2951
9173523	5000.0	10	6000.0	0.5067	61.2951	0.8333	62.6351
9174190	7000.0	10	6000.0	0.7067	62.6351	1.1667	64.5085
9174456	7000.0	11	6000.0	0.7067	76.3017	1.1667	78.1751
9173235	5000.0	11	6000.0	0.5067	78.1751	0.8333	79.51509999999999
9169857	7000.0	11	6000.0	0.7067	79.5151	1.1667	81.38850000000001
9169582	6000.0	11	6000.0	0.6067	81.3885	1.0	82.9952
9170678	5000.0	11	6000.0	0.5067	82.9952	0.8333	84.33519999999999
9170202	6000.0	11	6000.0	0.6067	84.3352	1.0	85.9419
9169728	4000.0	12	6000.0	0.4	58.3335	0.6667	59.4002
9170471	5000.0	12	6000.0	0.5	59.4002	0.8333	60.7335
9174467	4000.0	12	6000.0	0.4	60.7335	0.6667	61.8002
9172012	4000.0	12	6000.0	0.4	61.8002	0.6667	62.866899999999994
9178171	5000.0	12	6000.0	0.5	62.8669	0.8333	64.2002
9175323	7000.0	13	8000.0	0.7	65.175	0.875	66.75
9167915	5000.0	13	8000.0	0.5	66.75	0.625	67.875
9172152	7000.0	13	8000.0	0.7	67.875	0.875	69.45
9176734	5000.0	13	8000.0	0.5	69.45	0.625	70.575
9173793	5000.0	13	8000.0	0.5	70.575	0.625	71.7
9177493	5000.0	13	8000.0	0.5	71.7	0.625	72.825
9172683	5000.0	13	8000.0	0.5	72.825	0.625	73.95
9167280	12000.0	14	12000.0	1.2	253.1171	1.0	255.31709999999998
9169049	8000.0	14	12000.0	0.8	255.3171	0.6667	256.7838
9171569	29000.0	14	12000.0	2.9	256.7838	2.4167	262.10049999999995
9173904	16000.0	14	12000.0	1.6	262.1005	1.3333	265.03380000000004
9175120	8000.0	14	12000.0	0.8	265.0338	0.6667	266.5005
9170961	8000.0	14	12000.0	0.8	266.5005	0.6667	267.9672
9176191	9000.0	14	12000.0	0.9	267.9672	0.75	269.61719999999997
9178555	26000.0	14	12000.0	2.6	269.6172	2.1667	274.38390000000004
9176338	9000.0	14	12000.0	0.9	274.3839	0.75	276.03389999999996
9172648	8000.0	14	12000.0	0.8	276.0339	0.6667	277.5006
9171160	8000.0	14	12000.0	0.8	277.5006	0.6667	278.9673
9174663	8000.0	14	12000.0	0.8	278.9673	0.6667	280.434
9176489	8000.0	14	12000.0	0.8	280.434	0.6667	281.90070000000003
9170314	12000.0	14	12000.0	1.2	281.9007	1.0	284.10069999999996
9175092	12000.0	14	12000.0	1.2	284.1007	1.0	286.3007
9170324	11000.0	14	12000.0	1.1	286.3007	0.9167	288.3174
9169356	10000.0	15	16000.0	1.0	229.5375	0.625	231.1625
9174154	9000.0	15	16000.0	0.9	231.1625	0.5625	232.625
9170890	10000.0	15	16000.0	1.0	232.625	0.625	234.25
9167119	14000.0	15	16000.0	1.4	234.25	0.875	236.525
9175670	15000.0	15	16000.0	1.5	236.525	0.9375	238.9625
9173073	8000.0	15	16000.0	0.8	238.9625	0.5	240.26250000000002
9167229	8000.0	15	16000.0	0.8	240.2625	0.5	241.5625
9169298	9000.0	15	16000.0	0.9	241.5625	0.5625	243.025
9172054	9000.0	15	16000.0	0.9	243.025	0.5625	244.4875
9168221	8000.0	15	16000.0	0.8	244.4875	0.5	245.78750000000002
9173474	14000.0	15	16000.0	1.4	245.7875	0.875	248.0625
9173231	11000.0	16	18000.0	1.1058	193.4529	0.6111	195.16979999999998
9174008	9000.0	16	18000.0	0.9058	195.1698	0.5	196.5756
9167137	12000.0	16	18000.0	1.2058	196.5756	0.6667	198.4481
9177934	9000.0	16	18000.0	0.9058	198.4481	0.5	199.8539
9170143	15000.0	16	18000.0	1.5058	199.8539	0.8333	202.193
9171158	8000.0	16	18000.0	0.8058	202.193	0.4444	203.44320000000002
9167672	8000.0	16	18000.0	0.8058	203.4432	0.4444	204.6934
9173860	9000.0	16	18000.0	0.9058	204.6934	0.5	206.0992
9167405	9000.0	16	18000.0	0.9058	206.0992	0.5	207.505
9176958	8000.0	16	18000.0	0.8058	207.505	0.4444	208.7552
9170105	5000.0	0	500.0	0.5	1300.1	10.0	1310.6
9176515	5000.0	0	500.0	0.5	1310.6	10.0	1321.1
9169996	5000.0	0	500.0	0.5	1321.1	10.0	1331.6
9170909	6000.0	0	500.0	0.6	1331.6	12.0	1344.1999999999998
9175441	6000.0	0	500.0	0.6	1344.2	12.0	1356.8
9171814	7000.0	0	500.0	0.7	1356.8	14.0	1371.5
9175804	5000.0	0	500.0	0.5	1371.5	10.0	1382.0
9174689	5000.0	0	500.0	0.5	1382.0	10.0	1392.5
9171168	15000.0	0	500.0	1.5	1392.5	30.0	1424.0
9173470	7000.0	0	500.0	0.7	1424.0	14.0	1438.7
9175691	5000.0	9	6000.0	0.5067	91.3692	0.8333	92.7092
9174204	6000.0	9	6000.0	0.6067	92.7092	1.0	94.3159
9166838	6000.0	9	6000.0	0.6067	94.3159	1.0	95.9226
9177027	6000.0	9	6000.0	0.6067	95.9226	1.0	97.5293
9177033	7000.0	9	6000.0	0.7067	97.5293	1.1667	99.40270000000001
9169421	7000.0	9	6000.0	0.7067	99.4027	1.1667	101.2761
9171092	6000.0	9	6000.0	0.6067	101.2761	1.0	102.8828
9170798	7000.0	9	6000.0	0.7067	102.8828	1.1667	104.7562
9168169	7000.0	9	6000.0	0.7067	104.7562	1.1667	106.62960000000001
9173209	7000.0	9	6000.0	0.7067	106.6296	1.1667	108.503
9167063	6000.0	9	6000.0	0.6067	108.503	1.0	110.1097
9172262	6000.0	9	6000.0	0.6067	110.1097	1.0	111.71640000000001
9178384	7000.0	9	6000.0	0.7067	111.7164	1.1667	113.5898
9174267	7000.0	10	6000.0	0.7067	63.5085	1.1667	65.3819
9168963	6000.0	10	6000.0	0.6067	65.3819	1.0	66.9886
9172621	5000.0	10	6000.0	0.5067	66.9886	0.8333	68.3286
9171378	7000.0	10	6000.0	0.7067	68.3286	1.1667	70.202
9168039	7000.0	10	6000.0	0.7067	70.202	1.1667	72.0754
9174098	7000.0	10	6000.0	0.7067	72.0754	1.1667	73.9488
9176996	6000.0	10	6000.0	0.6067	73.9488	1.0	75.55550000000001
9176653	5000.0	10	6000.0	0.5067	75.5555	0.8333	76.89549999999998
9171757	5000.0	10	6000.0	0.5067	76.8955	0.8333	78.23549999999999
9166947	6000.0	10	6000.0	0.6067	78.2355	1.0	79.8422
9178031	7000.0	11	6000.0	0.7067	84.9419	1.1667	86.81530000000001
9177990	6000.0	11	6000.0	0.6067	86.8153	1.0	88.422
9176349	5000.0	11	6000.0	0.5067	88.422	0.8333	89.76199999999999
9177051	5000.0	11	6000.0	0.5067	89.762	0.8333	91.10199999999999
9171731	7000.0	11	6000.0	0.7067	91.102	1.1667	92.97540000000001
9170139	5000.0	12	6000.0	0.5	63.2002	0.8333	64.5335
9176538	5000.0	12	6000.0	0.5	64.5335	0.8333	65.8668
9177177	6000.0	12	6000.0	0.6	65.8668	1.0	67.46679999999999
9174218	7000.0	12	6000.0	0.7	67.4668	1.1667	69.33350000000002
9177983	6000.0	12	6000.0	0.6	69.3335	1.0	70.9335
9177523	6000.0	12	6000.0	0.6	70.9335	1.0	72.53349999999999
9173568	6000.0	12	6000.0	0.6	72.5335	1.0	74.1335
9177086	6000.0	12	6000.0	0.6	74.1335	1.0	75.73349999999999
9174822	7000.0	13	8000.0	0.7	72.95	0.875	74.525
9167675	5000.0	13	8000.0	0.5	74.525	0.625	75.65
9172736	7000.0	13	8000.0	0.7	75.65	0.875	77.22500000000001
9177887	6000.0	13	8000.0	0.6	77.225	0.75	78.57499999999999
9169920	6000.0	13	8000.0	0.6	78.575	0.75	79.925
9178201	6000.0	13	8000.0	0.6	79.925	0.75	81.27499999999999
9173510	7000.0	13	8000.0	0.7	81.275	0.875	82.85000000000001
9170836	7000.0	13	8000.0	0.7	82.85	0.875	84.425
9177560	5000.0	13	8000.0	0.5	84.425	0.625	85.55
9168646	7000.0	13	8000.0	0.7	85.55	0.875	87.125
9167210	8000.0	14	12000.0	0.8	287.3174	0.6667	288.7841
9170232	8000.0	14	12000.0	0.8	288.7841	0.6667	290.2508
9168818	16000.0	14	12000.0	1.6	290.2508	1.3333	293.18410000000006
9177754	8000.0	14	12000.0	0.8	293.1841	0.6667	294.6508
9174824	10000.0	14	12000.0	1.0	294.6508	0.8333	296.4841
9174161	55000.0	14	12000.0	5.5	296.4841	4.5833	306.5674
9172227	9000.0	14	12000.0	0.9	306.5674	0.75	308.2174
9172662	9000.0	14	12000.0	0.9	308.2174	0.75	309.8674
9174136	10000.0	14	12000.0	1.0	309.8674	0.8333	311.7007
9175138	8000.0	14	12000.0	0.8	311.7007	0.6667	313.1674
9169579	8000.0	14	12000.0	0.8	313.1674	0.6667	314.6341
9168366	8000.0	14	12000.0	0.8	314.6341	0.6667	316.1008
9174026	8000.0	14	12000.0	0.8	316.1008	0.6667	317.5675
9173919	19000.0	14	12000.0	1.9	317.5675	1.5833	321.0508
9176663	8000.0	14	12000.0	0.8	321.0508	0.6667	322.5175
9174589	19000.0	14	12000.0	1.9	322.5175	1.5833	326.00079999999997
9170643	10000.0	14	12000.0	1.0	326.0008	0.8333	327.83410000000003
9169182	17000.0	14	12000.0	1.7	327.8341	1.4167	330.95079999999996
9174980	10000.0	14	12000.0	1.0	330.9508	0.8333	332.7841
9177341	9000.0	14	12000.0	0.9	332.7841	0.75	334.4341
9178546	16000.0	14	12000.0	1.6	334.4341	1.3333	337.36740000000003
9166992	8000.0	14	12000.0	0.8	337.3674	0.6667	338.8341
9177618	9000.0	14	12000.0	0.9	338.8341	0.75	340.48409999999996
9167832	14000.0	15	16000.0	1.4	247.0625	0.875	249.3375
9167264	9000.0	15	16000.0	0.9	249.3375	0.5625	250.8
9175257	9000.0	15	16000.0	0.9	250.8	0.5625	252.26250000000002
9170035	15000.0	15	16000.0	1.5	252.2625	0.9375	254.7
9167691	15000.0	15	16000.0	1.5	254.7	0.9375	257.1375
9168535	16000.0	15	16000.0	1.6	257.1375	1.0	259.7375
9173574	10000.0	15	16000.0	1.0	259.7375	0.625	261.3625
9175086	9000.0	15	16000.0	0.9	261.3625	0.5625	262.825
9166939	8000.0	15	16000.0	0.8	262.825	0.5	264.125
9169488	9000.0	15	16000.0	0.9	264.125	0.5625	265.5875
9178325	8000.0	15	16000.0	0.8	265.5875	0.5	266.8875
9170990	9000.0	15	16000.0	0.9	266.8875	0.5625	268.34999999999997
9168275	13000.0	15	16000.0	1.3	268.35	0.8125	270.46250000000003
9176078	8000.0	15	16000.0	0.8	270.4625	0.5	271.7625
9171587	8000.0	15	16000.0	0.8	271.7625	0.5	273.0625
9170619	8000.0	15	16000.0	0.8	273.0625	0.5	274.3625
9176400	9000.0	16	18000.0	0.9058	207.7552	0.5	209.161
9169865	8000.0	16	18000.0	0.8058	209.161	0.4444	210.4112
9172166	9000.0	16	18000.0	0.9058	210.4112	0.5	211.817
9178027	9000.0	16	18000.0	0.9058	211.817	0.5	213.2228
9172360	10000.0	16	18000.0	1.0058	213.2228	0.5556	214.7842
9177285	10000.0	16	18000.0	1.0058	214.7842	0.5556	216.3456
9171323	9000.0	16	18000.0	0.9058	216.3456	0.5	217.7514
9173532	9000.0	16	18000.0	0.9058	217.7514	0.5	219.1572
9177345	8000.0	16	18000.0	0.8058	219.1572	0.4444	220.4074
9178542	8000.0	16	18000.0	0.8058	220.4074	0.4444	221.6576
9170789	8000.0	16	18000.0	0.8058	221.6576	0.4444	222.9078
9171216	14000.0	16	18000.0	1.4058	222.9078	0.7778	225.09140000000002
9173799	10000.0	16	18000.0	1.0058	225.0914	0.5556	226.65279999999998
9168594	46000.0	16	18000.0	4.6058	226.6528	2.5556	233.8142
9167001	8000.0	16	18000.0	0.8058	233.8142	0.4444	235.0644
9167011	8000.0	16	18000.0	0.8058	235.0644	0.4444	236.3146
9173165	9000.0	16	18000.0	0.9058	236.3146	0.5	237.7204
9173123	8000.0	16	18000.0	0.8058	237.7204	0.4444	238.97060000000002
9173404	8000.0	16	18000.0	0.8058	238.9706	0.4444	240.2208
9166959	9000.0	16	18000.0	0.9058	240.2208	0.5	241.6266
