86807
88211
88932
89960
93481
93923
94091
94091
94091
94091
89003
89568
89895
90034
90743
91622
91856
91862
92160
94441
95308
95677
97763
97899
99082
99085
99094
99320
99254
99337
92267
93711
93949
95008
95176
95494
95625
95708
95915
96028
87171
87665
89158
89712
90688
91234
91242
91242
91259
91517
95090
95160
95224
95663
96063
96993
97364
97256
97429
97371
91174
92831
93136
94327
94551
94809
94923
94971
95251
95531
90543
91937
93737
94257
94685
94643
95124
95165
95180
95355
92792
93145
95310
95548
96065
96065
96420
96726
96830
96961
95271
95294
95603
96725
97275
97432
97925
97953
98258
98440
90088
91788
92621
93660
94291
94458
95287
95480
95876
96050
86198
87982
90005
90460
90490
92428
92429
92811
93024
93245
92736
92770
92777
94435
94503
94505
94505
95158
96109
96786
89553
90737
90896
92109
92947
92865
92871
92871
93664
94396
93791
94736
94972
95666
95668
95681
96330
96578
97249
98124
88600
90189
90959
91132
91319
91444
91620
91707
91895
93062
88933
91849
92094
92584
92917
93184
93338
93328
93648
94276
94455
94920
94897
95144
95370
95340
95284
95305
95609
95731
93318
93375
93563
94689
96055
96184
96975
97070
97561
97876
92665
93795
94614
94799
94775
94908
94940
95583
95539
95984
90931
91322
91414
91930
91935
92019
92471
92542
92545
93768
89999
90767
92190
92273
93358
93385
93392
93393
93953
94377
90793
91275
91363
92389
92407
92766
93181
94005
94539
94911
91161
92023
91957
92123
92133
92222
92484
92660
94021
94349
86990
89279
89554
90153
91103
92255
93356
94057
94929
95155
89234
90598
90970
91249
91263
91353
91669
91899
95085
95336
92154
93238
93320
94260
94328
94375
94461
94793
95016
95157
86546
88176
88186
88397
89322
92062
93107
94184
94428
94943
85945
85945
86645
86713
87260
88125
92127
93396
93541
93858
88971
89799
89817
89970
90087
90554
90527
95138
95138
95231
87256
87352
88280
90076
90111
91888
94997
95021
95597
95769
88257
88488
88786
88844
89951
91611
91613
94111
95059
95014
88497
89434
89460
90128
90157
90772
92179
92734
92744
93241
87632
88545
89177
89597
90007
90006
90006
94708
94921
95040
86381
88812
90269
90428
90339
90531
91996
92960
94803
95021
91530
92613
93398
94396
94757
94801
97181
97735
98366
98575
91937
93948
94253
94741
94616
94870
94910
94997
95067
95913
98608
98731
98993
98996
100110
100207
100371
101896
102797
103350
91035
91362
91570
92338
92397
92586
92753
93022
93373
93649
91387
92416
92603
92833
93145
93306
94179
95180
95577
96197
91456
92687
93347
93811
94004
94004
94113
94803
94803
94803
94484
95752
95763
95931
96360
96508
97132
97343
97404
97711
92763
95815
95802
95880
95871
96006
96021
96388
98326
98832
93421
93707
94618
94569
94547
94540
94540
94541
94760
96444
89837
91442
91726
92057
92385
92385
92426
92733
92730
94475
89629
91266
91835
91851
92702
92667
92864
93245
95961
96460
93176
94919
94923
94957
95024
95587
95595
95600
95795
97380
91096
91507
91436
91436
91654
92226
92226
92600
95512
95590
90153
90944
91213
91503
91519
91945
92447
92379
92403
93705
92530
92977
93661
94891
95134
95134
95198
95228
96749
97135
90235
90828
91017
91843
92295
92363
92961
93434
93421
93678
93055
93256
93502
94315
95431
95410
95410
95692
95657
95858
88062
92502
93982
93840
93944
94161
94407
94385
94728
94728
91314
95160
95187
95187
95223
95987
96090
96564
96770
96858
91626
94940
96188
96245
96617
96820
97070
97120
97398
97500
92318
93741
94627
94923
95107
95091
95530
96115
96075
96188
90219
90773
92839
92852
94226
94284
94723
94773
95469
95461
87492
88051
90013
93025
93121
93538
93770
93819
94582
94720
90808
92371
95061
95263
95263
95298
95684
96244
96245
96444
90851
94003
96294
96399
96940
97170
97700
98024
98122
98477
94109
94490
94871
95984
96136
96703
97030
97059
97061
97361
92463
92412
92822
92823
93073
93924
94423
94455
94705
94977
91285
91697
93312
93404
93997
94403
94389
94648
94648
94648
89648
89697
90571
90615
91875
92236
92502
92502
92502
89135
89267
89317
89317
90214
92520
93066
93087
93158
91026
92127
92535
93101
93390
93712
93905
93905
93908
93955
91724
93220
94112
94148
94320
94321
94403
94501
94954
95582
95161
95167
96146
96115
96117
96393
96387
96355
96355
96880
90050
92145
92398
92922
92985
93025
93303
93637
93997
98340
98669
92039
94322
90140
90471
87234
87814
91505
95833
90170
88471
85644
83132
84035
83447
76555
79201
86608
79836
80339
76781
80592
77530
84291
78357
75095
75297
75377
73391
69848
67918
66487
62223
65506
